VO0011,113,8993027111601,6
VO0011,113,089686604443,1
VO0011,114,8996196000257,4
VO0011,114,089686598421,2
VO0011,115,8999178840230,5
VO0011,116,8999178840230,2
VO0011,117,8999178840339,7
VO0011,118,8998866200837,1
VO0011,118,8998866200851,2
VO0011,119,089686048704,16
VO0011,119,089686010947,36
VO0011,120,089686059779,18
VO0011,120,089686010527,35
VO0011,120,089686011036,30
VO0011,121,089686010718,12
VO0011,121,089686910704,4
VO0011,121,089686010107,5
VO0011,122,089686010343,2
VO0011,122,089686910384,12
VO0011,122,089686011036,13
VO0011,122,089686043617,6
VO0011,123,8997222130207,19
VO0011,123,8997222130191,5
VO0011,123,8997222130016,14
VO0011,123,8995899210215,8
VO0011,123,089686017748,15
VO0011,124,089686060102,4
VO0011,125,8998866200301,9
VO0011,125,089686010015,26
VO0011,125,089686041705,14
VO0011,126,8998866200325,36
VO0011,126,8998866200578,7
VO0011,126,089686044249,4
VO0011,127,8998866201568,8
VO0011,127,089686040647,16
VO0011,127,8998866200332,12
VO0011,128,089686041767,14
VO0011,128,089686040166,12
VO0011,128,8993118731046,3
VO0011,129,8888327831840,30
VO0011,129,8888327831871,16
VO0011,129,8888327831253,19
VO0011,129,8888327831123,3
VO0011,130,089686060126,1
VO0011,131,8992804901268,3
VO0011,131,8992804901244,5
VO0011,131,8992804901251,3
VO0011,132,8993500261007,3
VO0011,132,8993500261021,6
VO0011,132,8993500261137,4
VO0011,132,8888900400319,2
VO0011,133,8994291101046,2
VO0011,133,8998866200448,37
VO0011,134,8994291101022,2
VO0011,134,8993047301112,1
VO0011,134,8993118731046,1
VO0011,134,8993118731077,1
VO0011,134,8991688890699,2
VO0011,134,8991688890682,1
VO0011,135,8997004060302,4
VO0011,135,8997011700031,3
VO0011,135,8994061800476,2
VO0011,136,8992736980164,3
VO0011,136,8992736980133,3
VO0011,136,8992736290409,3
VO0011,136,8992736010168,11
VO0011,136,8992933841114,4
VO0011,137,8992770062109,6
VO0011,137,8992736025162,2
VO0011,137,8992736225401,4
VO0011,138,8992770033208,2
VO0011,138,8992770033192,3
VO0011,138,8992770034212,4
VO0011,138,8992770034182,1
VO0011,138,8992736210681,6
VO0011,139,8992717781025,34
VO0011,139,8992717102509,12
VO0011,139,8999999516215,1
VO0011,139,8992814883332,4
VO0011,140,A735274,1
VO0011,140,A735269,1
VO0011,140,A4939,2
VO0011,140,8995888810877,4
VO0011,140,8995888810839,10
VO0011,140,4923125560890,2
VO0011,140,4923125560777,2
VO0011,140,4923125560814,3
VO0011,140,8991188943079,2
VO0011,140,8998008151034,4
VO0011,140,8991188943055,2
VO0011,141,8993111112507,21
VO0011,141,8997212780016,6
VO0011,141,8991045242505,1
VO0011,141,8991045245001,2
VO0011,141,7622300270919,1
VO0011,141,8998009080500,4
VO0011,141,7622300065201,4
VO0011,142,649626012044,3
VO0011,142,8992735210071,6
VO0011,142,8992735210026,1
VO0011,142,8992770154033,3
VO0011,142,089686440089,1
VO0011,143,8992735210026,4
VO0011,143,8992735210125,4
VO0011,143,8992735210118,5
VO0011,143,8992735210019,5
VO0011,143,8992735210149,5
VO0011,143,8992735210057,11
VO0011,144,8992736424293,5
VO0011,144,089686386110,2
VO0011,144,089686440430,4
VO0011,144,189686386131,4
VO0011,144,089686386066,1
VO0011,145,8998888461322,1
VO0011,145,8998888461315,4
VO0011,145,8998888461810,4
VO0011,145,8992770011060,5
VO0011,145,8992770011084,1
VO0011,146,089686385618,3
VO0011,146,089686385564,2
VO0011,146,711844120402,2
VO0011,146,8991003015066,3
VO0011,146,8991003015028,2
VO0011,146,8995899250327,2
VO0011,146,8995899250341,4
VO0011,146,8995899250143,3
VO0011,146,8995899250211,4
VO0011,147,711844330009,9
VO0011,147,711844330016,3
VO0011,147,711844330153,3
VO0011,147,8992987001014,5
VO0011,147,8999005062057,5
VO0011,147,8993322101550,5
VO0011,148,711844140127,3
VO0011,148,8997021040059,4
VO0011,148,A6059,1
VO0011,148,089686401776,2
VO0011,148,089686400397,3
VO0011,149,7118441101378,6
VO0011,149,8992917193505,4
VO0011,149,8998866202275,3
VO0011,149,8992735210033,1
VO0011,149,8992735210101,2
VO0011,149,8992735210064,5
VO0011,150,A80528,25
VO0011,150,8998866608084,7
VO0011,151,711844110700,3
VO0011,151,8998866608008,1
VO0011,151,8996168442184,2
VO0011,151,089686420029,4
VO0011,151,8998866608015,5
VO0011,151,8997151800035,5
VO0011,151,711844110113,6
VO0011,151,8998888710598,1
VO0011,152,089686401745,1
VO0011,152,8992736116105,15
VO0011,152,089686400816,2
VO0011,152,089686400427,2
VO0011,152,089686400229,5
VO0011,152,089686401721,5
VO0011,152,711844120167,3
VO0011,152,711844120082,4
VO0011,152,8992736111407,6
VO0011,152,8992736116105,7
VO0011,152,8997011930049,3
VO0011,153,9556403100270,2
VO0011,153,8991003070409,4
VO0011,153,711844120150,2
VO0011,153,089686400762,3
VO0011,153,089686400861,3
VO0011,153,089686400267,3
VO0011,153,711844120075,1
VO0011,153,711844120013,2
VO0011,154,8993496107068,4
VO0011,155,8993093664711,4
VO0011,156,8993496105019,8
VO0011,156,8992946121029,4
VO0011,157,8993496107051,2
VO0011,157,8992826111089,1
VO0011,157,8992826112215,2
VO0011,158,8992628022156,2
VO0011,158,8993496106504,1
VO0011,158,8992628020152,2
VO0011,159,8993379500221,7
VO0011,159,8993379500238,1
VO0011,160,8997225470003,1
VO0011,160,8997225470003,15
VO0011,161,8997225470003,1
VO0011,162,A71351,3
VO0011,163,8993496001076,3
VO0011,164,8992826112215,6
VO0011,164,8998225800043,8
VO0011,165,8998225800043,7
VO0011,166,8999999195656,5
VO0011,167,8992797730135,2
VO0011,166,8992936661979,6
VO0011,166,8992936254126,3
VO0011,166,8999999195649,9
VO0011,167,8886007811052,6
VO0011,167,8992936115069,1
VO0011,167,8992936115045,4
VO0011,167,8886007821242,1
VO0011,167,8999999501990,1
VO0011,168,8999999031602,5
VO0011,168,8886007811533,11
VO0011,168,8994286130570,6
VO0011,168,8994286130587,5
VO0011,169,8999999540333,4
VO0011,169,8992936661269,9
VO0011,169,8994286110343,6
VO0011,169,8994286110015,6
VO0011,169,8994286120045,5
VO0011,169,8886007811489,9
VO0011,169,8998667000094,4
VO0011,170,8991998111422,2
VO0011,170,A1502,1
VO0011,170,A1503,3
VO0011,170,8992936218012,9
VO0011,170,9311931802207,3
VO0011,170,8992936661559,3
VO0011,170,8992936661610,3
VO0011,171,8991668113152,3
VO0011,171,8991002103832,1
VO0011,171,8991002113688,1
VO0011,171,8991002113299,4
VO0011,171,8997216520045,2
VO0011,171,8997216520137,2
VO0011,171,8993500212078,2
VO0011,172,8993500212030,3
VO0011,172,8993500212061,6
VO0011,172,8993500212047,4
VO0011,172,8997214270041,1
VO0011,172,8999999538118,5
VO0011,173,8994171101784,3
VO0011,173,8994171101371,1
VO0011,173,8994171102279,2
VO0011,173,8992933453119,2
VO0011,173,8993500060020,4
VO0011,173,8993500060013,5
VO0011,173,8993500060006,4
VO0011,174,8994171101371,2
VO0011,174,8998866201988,2
VO0011,174,8998866202008,2
VO0011,174,8991002109148,1
VO0011,174,8991002109001,1
VO0011,174,8991002104914,2
VO0011,174,8991998111828,3
VO0011,175,8991002109148,4
VO0011,175,8991002101722,1
VO0011,175,8998866200769,1
VO0011,175,8998866200660,1
VO0011,175,8998866200714,2
VO0011,175,8998866201032,2
VO0011,176,8991002105423,2
VO0011,175,8991002105447,7
VO0011,175,8991668113138,5
VO0011,176,8991002105119,3
VO0011,176,8994171101715,3
VO0011,177,8998866201001,1
VO0011,177,8991668113145,3
VO0011,177,8991002109353,3
VO0011,177,8991002115477,3
VO0011,177,8991002105409,2
VO0011,177,8992904113608,2
VO0011,178,8991002103528,1
VO0011,178,8991002103429,1
VO0011,178,8991002103320,1
VO0011,178,9311931184037,2
VO0011,178,9311931802207,3
VO0011,178,8994171101715,4
VO0011,178,8996001440001,2
VO0011,178,8998866803281,2
VO0011,179,8992696427532,2
VO0011,179,8994171101104,1
VO0011,179,8998866200707,4
VO0011,179,8998866201049,2
VO0011,179,8991002101333,3
VO0011,179,8998866609296,2
VO0011,180,8998666002938,2
VO0011,180,8998666002914,1
VO0011,180,8991002114012,4
VO0011,180,8998866803168,1
VO0011,180,8993191789927,4
VO0011,180,8993514110018,6
VO0011,181,8992696419162,2
VO0011,181,8992696421585,3
VO0011,181,8992696403413,2
VO0011,181,8992696418370,2
VO0011,181,8998866201049,3
VO0011,181,8998866609234,2
VO0011,181,8998866609296,1
VO0011,182,8991998110012,3
VO0011,182,8998866809689,3
VO0011,182,8991002106345,3
VO0011,182,8991002101869,4
VO0011,182,8992904170038,2
VO0011,183,8991668111141,2
VO0011,183,9311931182262,3
VO0011,184,8998990205036,3
VO0011,184,8886020033547,7
VO0011,184,4968306479530,6
VO0011,184,8991899204070,2
VO0011,184,8991899204070,3
VO0011,185,8999999566890,5
VO0011,185,8886020205029,3
VO0011,185,8997217180095,2
VO0011,185,8992857050173,3
VO0011,185,8992857050166,1
VO0011,185,8992857050128,2
VO0011,186,8998899995519,1
VO0011,186,8998899994802,1
VO0011,186,8998899940397,2
VO0011,186,8998899001401,2
VO0011,186,8998899940373,2
VO0011,186,8992745120247,1
VO0011,186,8992745140566,1
VO0011,186,8998899995670,2
VO0011,186,8992857130585,1
VO0011,186,8992779272301,2
VO0011,186,8992745140689,2
VO0011,187,8992857020541,7
VO0011,188,8992857130219,2
VO0011,188,8992857020565,6
VO0011,187,8992745730170,2
VO0011,187,8992745730187,2
VO0011,187,8992745120520,4
VO0011,187,8992745120148,2
VO0011,187,8992745120186,2
VO0011,187,8992779269103,2
VO0011,188,8997217180088,2
VO0011,188,8992779372902,2
VO0011,188,8992779011207,11
VO0011,188,8992857080118,1
VO0011,188,8992857080132,1
VO0011,189,8859272202498,5
VO0011,189,8998866106207,2
VO0011,189,8998866183185,1
VO0011,189,8992779274503,1
VO0011,189,8992779274305,2
VO0011,189,8992779270307,1
VO0011,189,8992779271304,3
VO0011,190,4800361002851,3
VO0011,190,8993014732338,1
VO0011,191,8992696428287,5
VO0011,191,8992696428263,4
VO0011,191,8992696428300,2
VO0011,191,8992696428263,2
VO0011,192,8996001440353,2
VO0011,192,8996001440124,1
VO0011,192,8996001603376,1
VO0011,192,8996001440520,2
VO0011,193,9556174802205,2
VO0011,193,8996001524008,1
VO0011,193,8996001524022,1
VO0011,134,8993014730129,1
VO0011,134,8993365171206,4
VO0011,134,8993014730853,3
VO0011,194,8993365125032,2
VO0011,194,8993014732321,1
VO0011,194,8993014730181,1
VO0011,195,8993118936557,3
VO0011,196,8994021101223,11
VO0011,196,8992933325119,6
VO0011,196,8992933241112,4
VO0011,196,8992933218114,10
VO0011,196,8992933211115,5
VO0011,196,8992933215113,10
VO0011,196,8992933216110,6
VO0011,196,8992933243116,6
VO0011,197,8992933216110,10
VO0011,197,8992933214116,11
VO0011,197,8992933217117,9
VO0011,197,8992933323115,5
VO0011,197,8992705032023,5
VO0011,197,8992705042022,4
VO0011,197,8994021101223,1
VO0011,197,8997220180136,21
VO0011,197,8997220180150,15
VO0011,198,A65546,3
VO0011,198,749921003515,2
VO0011,198,8991001400017,1
VO0011,198,8992933424119,1
VO0011,198,8992933618112,4
VO0011,198,8992933422115,3
VO0011,199,8991001302274,5
VO0011,199,8991001301048,5
VO0011,199,8991001301031,4
VO0011,199,8991001301017,1
VO0011,199,8992952925932,3
VO0011,200,8997026190056,6
VO0011,200,8993093115008,8
VO0011,201,8993296201119,12
VO0011,201,8993496110525,2
VO0011,202,8992753005994,4
VO0011,202,8992753100101,2
VO0011,202,8992753102204,4
VO0011,202,8992702000063,3
VO0011,202,8997002050404,1
VO0011,202,8992696426481,7
VO0011,202,8992696426528,4
VO0011,203,8997878700427,4
VO0011,203,8993007001700,2
VO0011,204,7622300270919,2
VO0011,204,8998009080500,1
VO0011,204,7622300065201,1
VO0011,204,8998009070037,2
VO0011,205,733894134161,2
VO0011,205,4923125560173,2
VO0011,205,8993016413006,2
VO0011,205,8997012121286,1
VO0011,205,733894310084,1
VO0011,205,4002309037578,1
VO0011,206,A90134,1
VO0011,206,8992957361124,2
VO0011,206,8992957352153,2
VO0011,206,8992957352153,1
VO0011,207,8993093135006,3
VO0011,207,8993296101112,5
VO0011,208,8993053121032,5
VO0011,208,8993053111149,9
VO0011,208,8992931025011,1
VO0011,208,8992931002050,2
VO0011,209,8995230703512,8
VO0011,209,8993053211368,7
VO0011,209,8992931029521,11
VO0011,209,8992931009547,1
VO0011,210,8992931006256,4
VO0011,210,8993053141689,2
VO0011,210,8993053141474,6
VO0011,210,8992931025073,4
VO0011,210,8993053131130,1
VO0011,210,8993053131093,2
VO0011,211,8992931001213,3
VO0011,211,8993053131017,10
VO0011,211,8993053131239,5
VO0011,211,8992806004547,2
VO0011,212,8993053411027,3
VO0011,212,8992759434026,3
VO0011,213,8992931009165,2
VO0011,213,8992931001114,4
VO0011,214,8992931025042,2
VO0011,214,8992931025080,2
VO0011,215,8851818537309,3
VO0011,215,6908594424087,10
VO0011,215,8993189322556,2
VO0011,216,8888336027661,1
VO0011,216,8992812805497,4
VO0011,216,8851818537309,5
VO0011,216,8992727005098,5
VO0011,216,8993189270307,4
VO0011,217,8993189270291,1
VO0011,217,8992727004084,3
VO0011,218,8993189270741,2
VO0011,217,6908594414026,2
VO0011,217,8992727004091,1
VO0011,217,8992727000376,8
VO0011,217,8992727001748,1
VO0011,218,8998990212249,3
VO0011,218,8998990212416,3
VO0011,218,8998990212225,5
VO0011,218,8998990212126,3
VO0011,218,8998990212133,2
VO0011,218,8998990212294,2
VO0011,218,8998990212423,3
VO0011,218,8998990212430,2
VO0011,219,8992727006217,1
VO0011,219,8993189700187,2
VO0011,219,8998866500142,4
VO0011,219,8992727002998,7
VO0011,220,8993189700538,3
VO0011,220,8993189700569,2
VO0011,220,8992727002974,
VO0011,222,8992727005364,1
VO0011,222,8997029808026,1
VO0011,223,8997001066109,2
VO0011,224,8993189272165,1
VO0011,224,8993189329548,1
VO0011,224,8998866500470,3
VO0011,224,8992959508893,2
VO0011,224,8992959508886,2
VO0011,330,8994046010029,1
VO0011,330,8994046010036,1
VO0011,329,8994046030027,1
VO0011,329,8994046030072,1
VO0011,329,8994046030010,1
VO0011,328,8996001355756,24
VO0011,327,8997212800318,1
VO0011,328,8991001243041,7
VO0011,327,50819515,3
VO0011,327,50070657,1
VO0011,327,50854004,1
VO0011,327,96068809,1
VO0011,326,9555401203686,8
VO0011,326,726165101061,2
VO0011,326,726165021048,2
VO0011,326,8992716109172,4
VO0011,325,7622210640994,1
VO0011,325,8901233024233,1
VO0011,325,7622210681614,2
VO0011,325,8991001121387,2
VO0011,325,7614500010013,2
VO0011,325,7614500010617,2
VO0011,325,749921040213,1
VO0011,324,8690637720888,5
VO0011,221,8992727002974,1
VO0011,324,8999999282202,40
VO0011,324,8999999282196,20
VO0011,323,8999999034672,3
VO0011,323,8999999042257,4
VO0011,323,8999999034610,18
VO0011,323,8999999513757,36
VO0011,323,8999999034610,1
VO0011,323,8999999516802,7
VO0011,322,8999999547448,8
VO0011,322,8999999547240,2
VO0011,322,8851932343831,28
VO0011,322,8999999005610,14
VO0011,322,8999999005689,20
VO0011,321,8999999540357,25
VO0011,321,8999999294021,41
VO0011,321,8999999047191,12
VO0011,320,8999999547448,40
VO0011,320,8999999047207,4
VO0011,320,8999999294038,58
VO0011,320,8999999294021,8
VO0011,320,8999999294038,42
VO0011,320,8999999516802,24
VO0011,320,8999999282196,40
VO0011,17,8995227501039,6
VO0011,17,8995227500247,6
VO0011,17,8995227502074,6
VO0011,17,8995227500278,3
VO0011,17,8997035111110,16
VO0011,17,A734335,3
VO0011,17,8886057883665,12
VO0011,17,8992761122331,10
VO0011,17,8992761122430,4
VO0011,17,8992761122348,5
VO0011,17,8992761122324,5
VO0011,17,711844154506,9
VO0011,17,711844154568,8
VO0011,17,9555233802521,4
VO0011,17,8997035601222,30
VO0011,20,A81068,15
VO0011,20,A81067,30
VO0011,21,A734335,2
VO0011,21,8998866610087,4
VO0011,21,8998866201827,9
VO0011,22,8997035563544,17
VO0011,22,8997035601017,6
VO0011,23,8992772125024,6
VO0011,23,8995227500124,19
VO0011,24,8995227500124,30
VO0011,25,8997035563414,6
VO0011,26,8995227500261,1
VO0011,26,8997035600324,6
VO0011,57,8993007000062,23
VO0011,57,8993007000024,4
VO0011,57,8993007000109,33
VO0011,58,8993351124018,19
VO0011,58,8998009010590,34
VO0011,58,8993007000215,8
VO0011,58,8993007000239,2
VO0011,58,8998009010552,19
VO0011,59,8998009010569,1
VO0011,59,8998009010576,16
VO0011,59,8992753182206,23
VO0011,59,8992753184200,19
VO0011,60,8998009011214,11
VO0011,60,8998009010248,19
VO0011,60,8998009010262,13
VO0011,60,8998009010224,23
VO0011,60,8998009010231,13
VO0011,61,8993200666218,1
VO0011,61,8993200666133,16
VO0011,61,8992696523067,4
VO0011,61,8996006320117,12
VO0011,63,8998009010613,1
VO0011,63,8998009010224,24
VO0011,51,8992702006003,25
VO0011,51,8992702005945,32
VO0011,51,8992702005976,7
VO0011,52,8992753172207,14
VO0011,52,9556001054005,2
VO0011,52,9556001047175,3
VO0011,52,9556001025272,1
VO0011,52,9556001051509,2
VO0011,52,A84709,7
VO0011,53,8992858527308,16
VO0011,53,8997009781110,2
VO0011,53,711844167001,7
VO0011,54,8998009020193,19
VO0011,54,8998009020186,11
VO0011,54,8998009050053,6
VO0011,55,9555233802521,4
VO0011,55,8998866200219,1
VO0011,56,089686834253,11
VO0011,56,8998888110114,17
VO0011,56,8998888110817,11
VO0011,56,711844150034,7
VO0011,45,8998009010231,24
VO0011,46,8992696522886,3
VO0011,46,A86088,3
VO0011,46,8992696419742,5
VO0011,47,8992696522251,2
VO0011,47,8994171102101,2
VO0011,47,8998866201841,2
VO0011,47,8996001600597,1
VO0011,47,8991002121065,31
VO0011,48,8991002121089,15
VO0011,48,8991002121010,14
VO0011,48,8991002121003,17
VO0011,49,8993058104917,3
VO0011,49,749921011275,3
VO0011,49,749921010445,1
VO0011,49,749921011282,3
VO0011,49,8992933233117,4
VO0011,49,8992933236118,3
VO0011,49,8992933254112,4
VO0011,50,711844150003,9
VO0011,50,711844154568,6
VO0011,50,711844154506,12
VO0011,39,8992222090452,2
VO0011,39,8992222090858,2
VO0011,39,8992222090476,2
VO0011,39,8991111153148,4
VO0011,39,8991111153070,2
VO0011,39,8991111153049,5
VO0011,39,8992725910356,2
VO0011,39,8991111153056,2
VO0011,40,8999999519735,1
VO0011,40,3014260803926,4
VO0011,40,3014260803957,3
VO0011,40,3014260821852,1
VO0011,40,8993292015123,1
VO0011,40,4902430390170,3
VO0011,40,3014260821883,2
VO0011,40,4902430403900,3
VO0011,40,4902430403870,1
VO0011,40,3014260803957,1
VO0011,40,4902430678346,1
VO0011,40,8999999706661,2
VO0011,40,8999999031930,3
VO0011,40,8999999031923,3
VO0011,40,C93076,1
VO0011,40,C23003,1
VO0011,41,8992695705167,4
VO0011,41,8992695785169,7
VO0011,41,8999999032890,4
VO0011,41,8999999035563,4
VO0011,41,8999999706173,8
VO0011,42,8999999536640,2
VO0011,42,8999999534042,6
VO0011,42,8999999534059,4
VO0011,42,8999999706081,13
VO0011,43,8999999530396,2
VO0011,43,8999999552473,1
VO0011,43,8999999706081,2
VO0011,43,8999999534097,1
VO0011,43,8999999707774,10
VO0011,44,8998866100151,8
VO0011,44,8999999715588,7
VO0011,44,8999999037765,28
VO0011,44,8999999706487,5
VO0011,82,8999918585186,5
VO0011,83,8996001304426,5
VO0011,83,8996001304044,3
VO0011,84,8996001304990,14
VO0011,84,8996001351888,4
VO0011,85,8993039111255,1
VO0011,85,8993039242577,3
VO0011,85,8992839003104,4
VO0011,86,8999918999372,2
VO0011,86,8999918181067,6
VO0011,86,8888166337183,4
VO0011,87,8996001302248,4
VO0011,76,7622300761363,1
VO0011,76,7622210462534,2
VO0011,76,7622201402709,1
VO0011,76,8991001780232,1
VO0011,77,7622300442507,1
VO0011,77,4893049130007,8
VO0011,77,8992760221028,1
VO0011,77,8992760223015,1
VO0011,78,7622300136055,3
VO0011,78,7622210708434,4
VO0011,78,8992760121090,3
VO0011,78,4893049120008,6
VO0011,79,8888166989474,2
VO0011,79,8888166995789,4
VO0011,79,8997025911300,5
VO0011,80,8992839002022,5
VO0011,80,8996001351901,4
VO0011,80,8991001770219,3
VO0011,80,8888166336568,3
VO0011,81,7622300405588,7
VO0011,81,8994755010303,11
VO0011,81,8994755030325,40
VO0011,81,8996001305003,2
VO0011,70,8991102384841,4
VO0011,70,8993175538596,3
VO0011,70,8996001301142,4
VO0011,70,8996001302354,5
VO0011,71,8992775305164,5
VO0011,71,8996001302026,1
VO0011,71,8996001302637,5
VO0011,71,8992775315057,2
VO0011,71,8888166360068,5
VO0011,71,8992775305102,1
VO0011,72,8992716108878,39
VO0011,72,7622201439545,4
VO0011,72,8992716109561,4
VO0011,72,8992716108816,3
VO0011,73,8995077604805,6
VO0011,73,8994755011065,8
VO0011,73,8886015427139,23
VO0011,74,8996001358405,3
VO0011,74,8996001352144,4
VO0011,74,8994755030677,4
VO0011,75,8996001305041,2
VO0011,75,8996001314005,1
VO0011,75,8999918451375,1
VO0011,75,8999918451382,1
VO0011,1,A81065,12
VO0011,2,A86088,1
VO0011,2,9556001025272,2
VO0011,2,9556001047175,3
VO0011,2,9556001054005,3
VO0011,2,9556001260253,2
VO0011,2,8996001600597,3
VO0011,2,8886057883665,2
VO0011,2,8886057883665,2
VO0011,2,8851123212038,2
VO0011,3,8996006320117,6
VO0011,3,8992696523067,6
VO0011,3,8998009050053,6
VO0011,3,711844167001,3
VO0011,3,9556001051509,4
VO0011,3,9556001174659,4
VO0011,3,8992858527308,5
VO0011,3,711844160019,2
VO0011,4,8993007000239,2
VO0011,4,8992753184200,2
VO0011,4,8993351124018,4
VO0011,4,8992696523067,3
VO0011,4,8993007000024,3
VO0011,4,8993007000062,3
VO0011,4,8993007000109,2
VO0011,5,8998009010262,5
VO0011,5,8998009010552,6
VO0011,5,8998009010569,3
VO0011,5,8998009010576,6
VO0011,5,8992753184200,8
VO0011,5,8993200666218,2
VO0011,5,8993200666133,1
VO0011,6,8998009010590,1
VO0011,6,8997009781110,1
VO0011,6,8998009010613,3
VO0011,6,8997035563414,4
VO0011,6,8992772125024,2
VO0011,7,8996006855886,3
VO0011,7,8996006855879,4
VO0011,7,8998009040306,6
VO0011,7,8998009040023,7
VO0011,7,8991002121065,4
VO0011,7,9555233802521,3
VO0011,8,8992702005976,5
VO0011,8,8992702006003,3
VO0011,8,8992702005945,4
VO0011,8,8992753172207,5
VO0011,8,8991002121010,6
VO0011,8,8991002121003,5
VO0011,8,8991002121089,4
VO0011,9,8996006855541,4
VO0011,9,8996006853431,2
VO0011,9,8996006857255,3
VO0011,9,8992775712603,3
VO0011,9,089686870015,2
VO0011,9,089686128048,2
VO0011,9,8996001600146,3
VO0011,10,8992388133345,6
VO0011,10,8992388133017,4
VO0011,10,8992388101016,5
VO0011,10,8998866201827,5
VO0011,10,8998866610087,3
VO0011,10,8996006855145,4
VO0011,10,8992752112211,4
VO0011,11,8997014920085,13
VO0011,11,A81067,9
VO0011,12,8992761111045,14
VO0011,12,8992761151140,8
VO0011,12,8992761166038,2
VO0011,13,8992761002015,1
VO0011,13,8992761002022,4
VO0011,13,8992761002039,5
VO0011,13,8992761164478,4
VO0011,13,8992761166052,2
VO0011,14,8992761122331,4
VO0011,14,8992761122430,3
VO0011,14,8992761122348,3
VO0011,14,8992761122324,2
VO0011,15,8992761122331,4
VO0011,15,8992761122430,2
VO0011,15,8992761122348,4
VO0011,15,8992761122324,4
VO0011,33,8996006855886,20
VO0011,34,8998009040306,2
VO0011,34,8998009040023,30
VO0011,35,8998866500708,1
VO0011,35,8996001600146,10
VO0011,36,8998866610087,4
VO0011,36,8992775712603,3
VO0011,37,8996006853431,10
VO0011,37,8996006857255,13
VO0011,38,089686128048,2
VO0011,38,8991102228053,5
VO0011,27,8996006855879,6
VO0011,28,8992388133345,13
VO0011,29,8992388101016,5
VO0011,30,8992388133017,7
VO0011,31,8996006855541,12
VO0011,32,8996006855145,6
VO0011,32,8992752112211,4
VO0011,32,8992752112310,5
VO0011,32,8992752112013,2
VO0011,64,9557062331128,2
VO0011,64,8993004787416,5
VO0011,64,8995077600401,3
VO0011,64,8851019210292,4
VO0011,65,8997002052675,1
VO0011,65,8997002053870,1
VO0011,65,8851019210193,3
VO0011,65,8851019510132,7
VO0011,65,8851019210254,7
VO0011,66,8991102302609,4
VO0011,66,8993175539821,4
VO0011,66,8995125701340,2
VO0011,66,8851019510132,6
VO0011,66,8851019210223,8
VO0011,66,8851019210193,1
VO0011,67,A74501,1
VO0011,67,A91173,1
VO0011,67,8886015402037,5
VO0011,67,8886015409289,5
VO0011,68,A7653,1
VO0011,68,A67836,2
VO0011,68,A12748,3
VO0011,68,8994504122332,9
VO0011,69,A69947,2
VO0011,69,A67511,1
VO0011,106,8995108509499,1
VO0011,106,8992709811242,1
VO0011,107,8991115000080,1
VO0011,107,8991115004019,4
VO0011,107,8990800016757,3
VO0011,107,8998685011249,4
VO0011,108,8990800014227,1
VO0011,108,8998685011249,4
VO0011,108,8996001320136,3
VO0011,108,8996001326220,1
VO0011,108,8886047030130,1
VO0011,108,8996001326404,7
VO0011,109,8991002303829,2
VO0011,109,8991102230308,1
VO0011,109,8886047030130,1
VO0011,109,8886001100855,3
VO0011,109,6917541772447,1
VO0011,109,8996001320051,2
VO0011,109,8991002304178,4
VO0011,110,8991115000080,1
VO0011,110,8992726938298,3
VO0011,110,8992726938663,3
VO0011,110,8996196000455,6
VO0011,110,8996196004606,5
VO0011,111,8852008300130,2
VO0011,111,8994755020371,8
VO0011,111,8994755020241,1
VO0011,111,8992957361193,4
VO0011,111,A43656,1
VO0011,100,8993027121600,1
VO0011,100,8993027111601,2
VO0011,100,8999178840339,3
VO0011,101,749921040473,3
VO0011,101,089686598421,1
VO0011,101,8991002501133,1
VO0011,101,8996196001858,1
VO0011,101,653314504513,4
VO0011,102,8996196005054,3
VO0011,102,8998866201469,5
VO0011,102,8998866202053,4
VO0011,102,8997032680381,5
VO0011,103,8997016730187,3
VO0011,103,8997016730194,2
VO0011,103,8991002501850,1
VO0011,103,089686611618,3
VO0011,103,089686611519,5
VO0011,104,8999918181180,1
VO0011,104,8858702402194,2
VO0011,104,8857107231927,1
VO0011,105,089686598025,3
VO0011,105,089686611649,1
VO0011,105,8993004788147,6
VO0011,94,8999178840230,5
VO0011,95,8995077605420,2
VO0011,95,8995077605147,1
VO0011,95,8994075250311,3
VO0011,95,8888166994430,8
VO0011,95,089686604450,7
VO0011,96,089686600049,4
VO0011,96,089686596441,4
VO0011,96,8999999000066,2
VO0011,96,8999999002497,3
VO0011,96,8999999000172,5
VO0011,97,8998866201377,2
VO0011,97,053314502210,2
VO0011,97,089686611854,1
VO0011,97,8998866201704,5
VO0011,98,8998866201711,1
VO0011,98,8999178652222,5
VO0011,98,8991002501843,4
VO0011,98,8991002501850,7
VO0011,99,8999178650235,3
VO0011,88,8992709818807,1
VO0011,88,8991002503427,2
VO0011,88,8995077605642,3
VO0011,89,8888166989832,2
VO0011,89,8998694110148,2
VO0011,89,8995077600258,3
VO0011,89,8995077601439,1
VO0011,89,8995077602221,1
VO0011,89,8992775212110,1
VO0011,90,8995077601323,4
VO0011,90,8995077600197,4
VO0011,90,8992775211410,1
VO0011,90,8995077601422,1
VO0011,91,8995077600807,2
VO0011,91,8995077603433,2
VO0011,91,8995077602498,1
VO0011,91,8995077601972,1
VO0011,92,8995077602788,3
VO0011,93,011747233033,2
VO0011,112,8993027121600,3
VO0011,331,B71453,2
VO0011,252,8998989100120,10
VO0011,252,8998989121163,2
VO0011,252,8999909028999,1
VO0011,252,8998127912363,1
VO0011,252,8998127912370,1
VO0011,252,8998989300391,1
VO0011,52,8999909000377,3
VO0011,52,8998989502122,1
VO0011,52,8999909010567,3
VO0011,52,8999909085114,1
VO0011,252,76239878,2
VO0011,252,89981108,1
VO0011,252,8999909000544,1
VO0011,252,B55913,42
VO0011,16,A1417,40
VO0011,16,A81068,228
VO0011,16,A600146,144
VO0011,225,8993189271007,2
VO0011,225,8992959953099,5
VO0011,225,8993189270802,1
VO0011,225,8997001061319,2
VO0011,226,8992959508831,2
VO0011,226,88992959508886,1
VO0011,226,8993189270802,1
VO0011,226,8993189270857,3
VO0011,226,8992959953129,1
VO0011,227,8992959953150,3
VO0011,227,8997029808040,1
VO0011,227,8992959953389,1
VO0011,228,8992802512114,2
VO0011,228,8992802512107,2
VO0011,225,8992802512053,3
VO0011,228,089686535242,1
VO0011,229,089686535143,1
VO0011,229,089686536256,1
VO0011,229,8999099919596,2
VO0011,230,089686646047,2
VO0011,230,9556001120229,1
VO0011,230,8992802307512,1
VO0011,230,749921000514,1
VO0011,230,749921000439,2
VO0011,230,8999099919633,2
VO0011,230,749921030368,1
VO0011,231,9415007009801,1
VO0011,231,9415007003588,1
VO0011,231,749921004000,2
VO0011,231,749921000514,1
VO0011,234,749921000408,1
VO0011,232,749921001023,4
VO0011,232,749921005540,2
VO0011,232,749921001047,1
VO0011,232,749921001122,1
VO0011,232,749921020451,2
VO0011,233,8992753881703,2
VO0011,232,8992696520905,1
VO0011,232,8992802240178,1
VO0011,234,8992696407671,1
VO0011,234,8992696407596,2
VO0011,234,8997050803946,2
VO0011,234,8992771009134,2
VO0011,234,8991003060769,1
VO0011,234,8998103101217,2
VO0011,235,8999099919602,2
VO0011,235,8999099919657,2
VO0011,235,8992696405561,2
VO0011,235,8992696405240,2
VO0011,236,8992696407671,1
VO0011,36,8999099923739,1
VO0011,236,8999099920721,1
VO0011,236,8999099920462,2
VO0011,237,8992753283507,2
VO0011,237,4800361347617,1
VO0011,237,8999099920769,1
VO0011,238,749921030412,2
VO0011,238,749921030368,1
VO0011,238,749921030184,1
VO0011,238,8992696405417,1
VO0011,239,8992696407053,3
VO0011,239,8992696427303,1
VO0011,239,8992753984701,1
VO0011,240,8999999551544,2
VO0011,240,8992694247514,1
VO0011,240,8999999044213,2
VO0011,240,8999999525583,2
VO0011,240,8999999539603,3
VO0011,240,8998103004846,1
VO0011,241,8992694247521,1
VO0011,241,8992694248122,5
VO0011,241,8999999524906,1
VO0011,241,8999908053800,2
VO0011,241,8992694248139,1
VO0011,241,8998103014333,3
VO0011,241,8888103209108,1
VO0011,241,8888103003119,1
VO0011,241,88820279,1
VO0011,241,8998103017167,2
VO0011,241,4801010539100,1
VO0011,241,9556006060223,1
VO0011,242,8992694245244,1
VO0011,242,8992694245411,6
VO0011,242,8992694245305,6
VO0011,242,8992694246166,1
VO0011,242,8992694246173,3
VO0011,242,8992694246166,1
VO0011,242,8991111101323,4
VO0011,242,8991111101330,2
VO0011,242,8663417390111,1
VO0011,242,8998866105262,1
VO0011,245,4801010562108,5
VO0011,245,4801010561309,5
VO0011,245,4801010562108,5
VO0011,245,8992694242533,2
VO0011,244,8992745540694,3
VO0011,243,8991111109114,2
VO0011,243,8991111109138,2
VO0011,243,8992694247415,1
VO0011,243,8992694234019,2
VO0011,244,8998103000602,2
VO0011,244,8888103201218,3
VO0011,244,8998103000589,2
VO0011,244,8991111102832,2
VO0011,244,8999999034481,1
VO0011,244,8992694241031,1
VO0011,244,8993417176135,1
VO0011,244,8993417176128,2
VO0011,245,8993425260123,1
VO0011,245,8888103006868,2
VO0011,245,8888103006820,3
VO0011,245,89970239030,2
VO0011,245,8997023900016,3
VO0011,245,8992750540511,4
VO0011,246,8993176110081,10
VO0011,246,8993176110067,4
VO0011,246,8993176110081,11
VO0011,246,8995179100175,2
VO0011,246,8995179100182,8
VO0011,246,8995179100199,6
VO0011,246,8995179100113,6
VO0011,246,8995179101042,1
VO0011,246,8994591070011,2
VO0011,246,8994591070066,1
VO0011,247,8998866106030,1
VO0011,247,8995179101219,1
VO0011,247,8993176111477,1
VO0011,247,8997021871097,1
VO0011,247,8997021871516,2
VO0011,247,8997021870250,3
VO0011,247,8997021870236,12
VO0011,247,8997021870090,11
VO0011,247,8998989110129,58
VO0011,247,8998127912363,10
VO0011,247,8991906101019,10
VO0011,247,8998989121163,20
VO0011,247,8998989110167,10
VO0011,247,8999909096004,5
VO0011,247,899990900483,5
VO0011,247,76239878,5
VO0011,247,8993005124012,2
VO0011,248,8993005201515,3
VO0011,248,8993005202024,3
VO0011,248,007916248830,2
VO0011,248,8998898101409,24
VO0011,248,8993338005033,8
VO0011,248,4987176000552,1
VO0011,248,8888826016182,4
VO0011,249,8993417172236,1
VO0011,249,8993417263712,3
VO0011,247,8993417260735,2
VO0011,249,8999999001049,5
VO0011,249,8992727004459,6
VO0011,249,8992745610861,2
VO0011,249,8992745610878,3
VO0011,249,8993560027568,6
VO0011,250,8992772265027,6
VO0011,250,8993417097218,6
VO0011,250,8999999508609,6
VO0011,250,8992772265058,2
VO0011,250,8992772265041,3
VO0011,250,8992772265164,2
VO0011,250,8992772265027,1
VO0011,250,8886022950538,2
VO0011,250,8888021300116,3
VO0011,250,8998990911197,1
VO0011,251,8999909000988,5
VO0011,251,8991906101316,3
VO0011,251,8999909000377,6
VO0011,251,8999909000483,2
VO0011,251,8991906101019,7
VO0011,251,8999909000773,7
VO0011,251,8999909000650,7
VO0011,251,89981279123663,5
VO0011,251,8999909000629,6
VO0011,251,89981115,1
VO0011,251,89981108,5
VO0011,251,8999909001909,9
VO0011,252,8999909010567,4
VO0011,252,8998989110167,7
VO0011,252,8998989121163,5
VO0011,252,8998989300155,6
VO0011,252,8998989502122,6
VO0011,252,76239878,8
VO0011,252,89981115,3
VO0011,252,8998127912370,2
VO0011,252,8993989311699,7
VO0011,252,8998989300391,7
VO0011,256,B55913,50
VO0011,253,D50419,4
VO0011,253,8999777850616,3
VO0011,253,4801234014315,1
VO0011,253,8998899940489,3
VO0011,253,4968306479585,5
VO0011,254,8993559388908,2
VO0011,254,899883805000,2
VO0011,254,D44373,2
VO0011,254,D48361,12
VO0011,254,8993559390901,1
VO0011,254,8993559322476,1
VO0011,254,D69536,7
VO0011,255,8999999536053,4
VO0011,255,8999999053055,2
VO0011,255,8999999053031,1
VO0011,255,8999999058340,3
VO0011,255,8999999532208,4
VO0011,255,8999999532222,1
VO0011,255,8999999053055,5
VO0011,255,8999999534844,3
VO0011,256,8999999052980,1
VO0011,256,8999999053000,2
VO0011,256,8999999525910,1
VO0011,256,8999999525941,2
VO0011,256,8999999520434,1
VO0011,256,8991111112084,1
VO0011,256,8992304047152,3
VO0011,256,8991380700029,1
VO0011,256,8991111112114,2
VO0011,256,8993005102034,2
VO0011,256,8993005102027,3
VO0011,257,8992304096723,2
VO0011,257,8992304015298,3
VO0011,257,8992304009167,1
VO0011,257,8992727005135,3
VO0011,257,8992727005111,2
VO0011,257,8992727003537,3
VO0011,257,8992727005159,3
VO0011,257,8999999041656,1
VO0011,257,8999999527365,2
VO0011,257,8999999034733,2
VO0011,257,8999999034696,1
VO0011,258,8992796011303,3
VO0011,258,8993417151125,2
VO0011,258,8993417001291,2
VO0011,258,9556006283127,6
VO0011,258,8999999720094,5
VO0011,258,8990090301571,1
VO0011,258,8999999548537,2
VO0011,258,8999999034030,1
VO0011,258,8999999034719,5
VO0011,258,8993417168215,1
VO0011,259,8992856877177,2
VO0011,259,8993417162121,1
VO0011,259,8993417162114,1
VO0011,259,8999225782179,2
VO0011,259,8999225783732,2
VO0011,259,8999999502973,5
VO0011,259,8992856897366,1
VO0011,259,8992856890817,1
VO0011,259,8997008671405,3
VO0011,259,8993417212253,1
VO0011,259,8992856898189,2
VO0011,259,8992856898165,4
VO0011,260,8999999559090,3
VO0011,260,8999999007768,2
VO0011,260,8851932396530,5
VO0011,260,800142384101,1
VO0011,260,8994066110228,1
VO0011,261,8000101190145,4
VO0011,262,8999999533373,3
VO0011,262,8999999003098,5
VO0011,262,8999999035273,3
VO0011,262,8999999024796,3
VO0011,262,8999777000318,1
VO0011,262,8999777009564,1
VO0011,262,8993379284275,2
VO0011,262,8993379284268,2
VO0011,262,8993379284282,2
VO0011,262,8999999003074,1
VO0011,262,8999777005351,3
VO0011,262,8999777000004,1
VO0011,262,8992946513282,2
VO0011,262,0992946513275,1
VO0011,262,8990090300642,1
VO0011,262,8990090300741,2
VO0011,267,899999049430,1
VO0011,264,8999999049393,3
VO0011,264,8999999049409,3
VO0011,264,8999999049416,3
VO0011,264,8999999047092,3
VO0011,264,8999999520182,3
VO0011,264,8999999049478,2
VO0011,264,8999999520175,2
VO0011,264,8999999049461,2
VO0011,264,8999999534660,2
VO0011,264,8999999049508,4
VO0011,264,8999999049454,3
VO0011,264,8999999005795,3
VO0011,264,8999999538583,3
VO0011,264,8999999045098,1
VO0011,264,8999777006228,2
VO0011,264,8999777004484,1
VO0011,264,8999777004194,2
VO0011,264,8999777007430,3
VO0011,265,8992222050135,1
VO0011,265,8992222053006,1
VO0011,65,8992222050180,1
VO0011,265,8992222050074,2
VO0011,265,8999999530495,1
VO0011,265,8992222050227,2
VO0011,265,8992222050043,1
VO0011,265,8999999720940,2
VO0011,265,9300830042913,3
VO0011,265,9300830037834,1
VO0011,265,8999777004859,1
VO0011,265,9300830023493,1
VO0011,265,9300830042982,2
VO0011,265,9300830020225,2
VO0011,265,9300830020188,1
VO0011,266,8992222092913,3
VO0011,266,8992222091510,2
VO0011,266,8992222092937,1
VO0011,266,8992856893672,2
VO0011,266,8992856895409,1
VO0011,266,8992856893696,5
VO0011,266,8992856893689,4
VO0011,266,8992856892538,1
VO0011,266,8992856893702,3
VO0011,266,08992929913054,1
VO0011,267,8992745560982,1
VO0011,267,8992222050357,3
VO0011,267,8992222050364,3
VO0011,267,9300830038527,2
VO0011,267,8992222053426,1
VO0011,267,8992222053464,1
VO0011,267,8992222053433,3
VO0011,267,8997017640492,
VO0011,267,8992832603288,4
VO0011,267,8992832603288,1
VO0011,268,8993417455483,1
VO0011,268,8993417455445,2
VO0011,269,8999999033187,2
VO0011,269,8999999048273,1
VO0011,269,4902430872027,1
VO0011,269,4902430414937,4
VO0011,269,8999999039172,1
VO0011,269,8999999045524,2
VO0011,269,8999999529741,3
VO0011,269,8999999529727,6
VO0011,269,4902430400909,6
VO0011,270,4902430594929,6
VO0011,270,4902430869249,3
VO0011,270,4902430869263,1
VO0011,270,4902430400947,2
VO0011,270,4902430400886,2
VO0011,270,8999999033170,4
VO0011,270,8999999033217,5
VO0011,270,8999999033132,10
VO0011,270,4902430400602,6
VO0011,271,8999999529710,1
VO0011,271,8999999529628,2
VO0011,271,8999999537142,2
VO0011,271,8999999529918,2
VO0011,271,8999999529550,2
VO0011,271,8999999529673,2
VO0011,271,4902430772020,4
VO0011,271,4902430849203,3
VO0011,271,4902430849050,2
VO0011,271,8999999037192,1
VO0011,271,800142384408,3
VO0011,271,4902430832748,3
VO0011,272,8999999048181,6
VO0011,272,8999999536244,1
VO0011,272,8999999048501,3
VO0011,272,8998866103282,1
VO0011,272,8999999526610,1
VO0011,272,8999999041229,1
VO0011,272,4902430753364,3
VO0011,272,4902430869102,1
VO0011,272,4902430506960,3
VO0011,272,4902430102254,4
VO0011,272,8999999538453,3
VO0011,273,8999999538422,2
VO0011,273,8999999538439,2
VO0011,273,8999999541996,5
VO0011,273,8999999530266,5
VO0011,273,8999999001216,4
VO0011,273,8999999530273,2
VO0011,273,8999999001247,1
VO0011,273,8992727006972,4
VO0011,273,8992727000550,1
VO0011,273,9556111621517,3
VO0011,273,8993560022044,1
VO0011,274,8993560022020,2
VO0011,274,4902430506977,2
VO0011,274,4902430553643,2
VO0011,274,4902430869126,2
VO0011,274,4902430706056,1
VO0011,274,4902430869140,1
VO0011,274,4902430400671,1
VO0011,275,8886030229947,3
VO0011,275,8886030229930,1
VO0011,275,8886030229916,2
VO0011,275,8886030229961,3
VO0011,275,8886030229954,3
VO0011,276,8998866602389,5
VO0011,276,8998866608305,5
VO0011,276,8998866888615,3
VO0011,276,8999999533724,6
VO0011,276,8998866608602,1
VO0011,276,8998866608312,3
VO0011,276,8999999533731,6
VO0011,276,8999999533717,5
VO0011,276,8992946521409,3
VO0011,276,8992946511790,4
VO0011,276,8992946512223,2
VO0011,276,8992946521416,2
VO0011,276,8999999045920,4
VO0011,276,8998866602570,6
VO0011,276,8998866602556,7
VO0011,276,8998866602549,11
VO0011,277,8992727001793,2
VO0011,277,8992727003841,1
VO0011,277,8992727002868,2
VO0011,277,8992727006538,2
VO0011,277,8992727001328,1
VO0011,277,8992727005005,1
VO0011,277,8992727001342,2
VO0011,277,8992727002578,1
VO0011,277,8992727006996,2
VO0011,278,8999999001117,6
VO0011,278,8999999001124,5
VO0011,278,8999999530235,4
VO0011,278,8999999559526,1
VO0011,278,8999999538200,2
VO0011,278,8999999001209,1
VO0011,278,8999999005443,4
VO0011,278,8999999027278,3
VO0011,278,8992727006170,2
VO0011,279,8998866609425,1
VO0011,279,8998866611503,2
VO0011,279,8998866602969,3
VO0011,279,8998866602976,2
VO0011,279,8999999043674,1
VO0011,279,8999999036829,1
VO0011,279,8999999036843,4
VO0011,279,8999999036836,3
VO0011,280,8999999552800,1
VO0011,280,8999999500399,10
VO0011,280,8999999036690,6
VO0011,280,8999999031107,10
VO0011,280,8999999036676,43
VO0011,280,6901404010814,11
VO0011,280,6901404011255,1
VO0011,280,6901404021254,3
VO0011,280,8888103000118,5
VO0011,281,8993560025212,4
VO0011,281,8993560024178,2
VO0011,281,8993560024215,12
VO0011,281,8993560024024,6
VO0011,281,8999999519100,14
VO0011,281,8999999519087,9
VO0011,281,8999999516307,56
VO0011,281,8993005101037,6
VO0011,281,8993005116017,5
VO0011,282,8993005112040,3
VO0011,282,8993005116055,3
VO0011,282,8999999058395,2
VO0011,282,8999999058371,2
VO0011,282,8999999058388,4
VO0011,282,8998866603683,3
VO0011,282,8998866603669,4
VO0011,282,8888103000637,3
VO0011,283,7640129890040,6
VO0011,283,7640129893218,6
VO0011,283,8999999530327,7
VO0011,283,8999999053291,11
VO0011,283,8999999045920,9
VO0011,283,8999999046996,8
VO0011,283,8998866602563,12
VO0011,284,8999999059309,9
VO0011,284,8999999530303,12
VO0011,284,8999999045937,1
VO0011,284,8999999501594,6
VO0011,284,8999999045944,14
VO0011,284,8999999059316,5
VO0011,284,8999999059347,12
VO0011,284,8993379121211,6
VO0011,285,8999999400989,5
VO0011,285,8999999400996,1
VO0011,285,8999999403348,1
VO0011,286,8992727006286,2
VO0011,286,8999999525675,1
VO0011,286,8992727008006,3
VO0011,286,8992727007986,3
VO0011,286,8999999006006,2
VO0011,286,8999999526870,1
VO0011,287,8998866601870,3
VO0011,287,8998866602730,2
VO0011,287,8998866601849,3
VO0011,287,8998866608930,3
VO0011,287,8998866601436,4
VO0011,287,8998866619271,4
VO0011,288,8998866607353,1
VO0011,288,8998866606769,9
VO0011,288,8998866608589,8
VO0011,289,8992727005302,6
VO0011,289,8998866604932,5
VO0011,289,8999999518998,2
VO0011,290,8998866612517,4
VO0011,290,8999999045265,2
VO0011,290,8999999553128,2
VO0011,290,8992979120013,3
VO0011,291,8999999401238,3
VO0011,291,8999999520106,4
VO0011,291,8992727002462,1
VO0011,291,8999999558086,3
VO0011,291,8999999558062,4
VO0011,291,8999999042639,12
VO0011,291,8999999572921,8
VO0011,292,8999999525668,5
VO0011,292,8999999041755,1
VO0011,293,8999999016128,2
VO0011,293,8999999525651,6
VO0011,293,8999999571580,6
VO0011,293,8999999571535,6
VO0011,293,8999999401023,7
VO0011,293,8998866659574,6
VO0011,294,8999999403119,4
VO0011,294,8999999525675,2
VO0011,294,8999999524470,5
VO0011,294,8999999524524,3
VO0011,294,8999999525828,2
VO0011,295,8999999400958,2
VO0011,295,8998866805421,3
VO0011,295,8998866805438,3
VO0011,295,8992727007665,3
VO0011,295,8992727007658,3
VO0011,296,4902430622080,7
VO0011,296,4902430823371,3
VO0011,296,4902430340762,5
VO0011,296,4902430687355,4
VO0011,267,4902430622066,1
VO0011,297,4902430693370,5
VO0011,297,4902430687355,3
VO0011,297,4902430340762,4
VO0011,297,4902430622080,3
VO0011,298,8998866605809,4
VO0011,98,8999999572921,8
VO0011,298,8998866605816,2
VO0011,298,8998866605199,5
VO0011,299,8998866605779,2
VO0011,299,8992772195027,1
VO0011,299,8992772195058,3
VO0011,299,8992772195096,1
VO0011,299,8998866605120,3
VO0011,299,8998866605106,1
VO0011,299,8998866605113,3
VO0011,300,8993560033309,1
VO0011,300,8998866107914,2
VO0011,300,8999999524807,2
VO0011,300,8999999390198,1
VO0011,300,8998866183178,1
VO0011,300,8998866609548,1
VO0011,301,8998866605144,4
VO0011,301,8998866605151,2
VO0011,301,8992772198011,6
VO0011,301,8992772198042,2
VO0011,301,8992772198059,5
VO0011,301,8992772198028,5
VO0011,302,8998866106146,3
VO0011,302,8998866182201,1
VO0011,302,8999999526894,4
VO0011,302,8992772193085,6
VO0011,302,8992772193047,11
VO0011,302,8992772193054,4
VO0011,302,8992772193078,7
VO0011,302,8992772193061,2
VO0011,303,4902430868778,3
VO0011,303,8999999537197,3
VO0011,303,8999999520878,3
VO0011,304,8999999524722,7
VO0011,304,8999999524838,3
VO0011,304,8999999540388,2
VO0011,304,8999999057640,3
VO0011,304,8998899013077,1
VO0011,306,8886030323904,4
VO0011,306,8886030323805,4
VO0011,306,8992747180201,3
VO0011,306,8992747180225,1
VO0011,306,8993560033743,4
VO0011,306,8993560033736,4
VO0011,306,8993560033637,3
VO0011,306,8992779225406,2
VO0011,306,8992745320180,1
VO0011,307,8993560033026,4
VO0011,307,8992747180126,5
VO0011,307,8992747180102,1
VO0011,307,8886030322808,6
VO0011,308,8998866182218,3
VO0011,308,8998866105149,4
VO0011,308,8998866100700,5
VO0011,308,8997031480043,1
VO0011,308,8997031480029,1
VO0011,308,8998866100717,2
VO0011,308,8992745560654,3
VO0011,309,8999999406929,4
VO0011,309,8999999406943,8
VO0011,309,8999999406912,5
VO0011,309,8999999057022,6
VO0011,310,8999999407919,3
VO0011,310,8998866692601,
VO0011,310,8999999525040,1
VO0011,310,8999999406912,2
VO0011,311,4902430504454,6
VO0011,311,4902430803380,4
VO0011,311,4902430542753,2
VO0011,311,4902430557122,2
VO0011,312,8999999406899,5
VO0011,312,8999999406905,4
VO0011,312,8998866603546,1
VO0011,312,8999999407896,9
VO0011,313,8992745320241,1
VO0011,313,8992745610526,3
VO0011,313,8992857130189,2
VO0011,313,8992857130370,1
VO0011,313,8992857020121,1
VO0011,313,8992745705970,1
VO0011,313,8992745705765,1
VO0011,313,8992745560562,2
VO0011,313,8998899001173,1
VO0011,313,8998899994543,2
VO0011,313,8998899001470,1
VO0011,313,8998899400334,1
VO0011,314,8992745326120,2
VO0011,314,8992745320357,2
VO0011,314,8992745320388,1
VO0011,314,8992745320364,2
VO0011,314,8998899001326,4
VO0011,314,8998899940229,3
VO0011,314,8992745705642,4
VO0011,314,8992857070126,2
VO0011,314,8992857130318,2
VO0011,315,8992745325437,4
VO0011,315,8992745325420,4
VO0011,315,8992745326229,2
VO0011,315,8992745325550,2
VO0011,315,8992745326212,3
VO0011,315,8886012826287,4
VO0011,315,8992745610533,2
VO0011,315,8886012826270,2
VO0011,315,8886012207017,1
VO0011,315,8886012826270,3
VO0011,315,8992745610717,3
VO0011,316,8992772313056,3
VO0011,316,8998899995953,4
VO0011,316,8992772215015,1
VO0011,316,8992772315111,4
VO0011,316,8998899004105,3
VO0011,316,8998899400204,3
VO0011,316,8998899004242,3
VO0011,316,8886012826294,2
VO0011,317,8992779156908,2
VO0011,317,8992779184000,1
VO0011,317,8886020215158,5
VO0011,317,8886020215158,5
VO0011,317,8886020215172,5
VO0011,317,8886020215189,6
VO0011,317,8886020215196,5
VO0011,317,8886020215165,6
VO0011,317,8992779057908,6
VO0011,317,8992779190001,4
VO0011,317,8992745560203,2
VO0011,317,C733786,3
VO0011,317,C23003,2
VO0011,318,8886020036012,10
VO0011,318,8886020001133,1
VO0011,318,8886020201243,8
VO0011,318,8991899203219,3
VO0011,319,8886020001096,3
VO0011,319,8886080101338,6
VO0011,319,8886020001140,6
VO0011,319,8886020001102,6
VO0011,319,8886020219033,6
VO0011,319,8886020225522,2
VO0011,319,8886020225515,2
VO0011,333,A81066,25
VO0011,333,8999999525583,6
VO0011,333,8993560027568,1
VO0011,333,8886030229961,2
VO0011,333,8886030229916,3
VO0011,333,8886030229954,3
VO0011,333,8993425260086,8
VO0011,333,8999999407896,2
VO0011,333,8886030323805,7
VO0011,334,8886030229954,3
VO0011,336,0896860401767,5
VO0011,336,8992736225401,1
VO0011,336,8992736925158,1
VO0011,336,8995102102049,1
VO0011,336,89686040647,7
VO0011,336,089086040166,20
VO0011,335,A17392,6
VO0011,336,8992770062701092,2