VO0001,1,8888826016175,2
VO0001,1,7702018017515,6
VO0001,2,4902430508339,1
VO0001,3,4902430733298,1
VO0001,4,D50396,12
VO0001,4,D92492,2
VO0001,4,D69537,1
VO0001,4,D44411,10
VO0001,4,D69536,78
VO0001,4,D48361,29
VO0001,4,D50406,30
VO0001,4,D58076,35
VO0001,4,D54965,10
VO0001,4,8993176131208,11
VO0001,5,D44373,9
VO0001,5,D53520,1
VO0001,5,D3107,2
VO0001,5,4902430393126,12
VO0001,5,4987176600554,6
VO0001,5,4987176008718,6
VO0001,5,4987176000552,6
VO0001,5,8998667100312,23
VO0001,5,8994591080010,10
VO0001,5,8994591070066,3
VO0001,5,8994591070011,1
VO0001,6,D50395,2
VO0001,6,D50405,5
VO0001,6,D67313,2
VO0001,6,d54966,4
VO0001,6,D44376,77
VO0001,6,D53357,2
VO0001,6,D90045,10
VO0001,7,8997021870540,1
VO0001,7,8997021871493,8
VO0001,7,8993176120035,28
VO0001,7,8993176120028,15
VO0001,7,8993176111415,9
VO0001,7,8993176110111,18
VO0001,7,8993176111477,18
VO0001,7,8993176110104,3
VO0001,7,8993176111514,19
VO0001,8,8995179101035,18
VO0001,8,8997021871516,12
VO0001,8,8997021870151,25
VO0001,8,8997021870236,35
VO0001,8,8997021870137,37
VO0001,8,8997021870052,30
VO0001,8,8997021870090,31
VO0001,8,8997021870250,46
VO0001,8,8997034910103,6
VO0001,9,8992772613071,10
VO0001,9,8992772613088,24
VO0001,9,8992772613064,24
VO0001,9,4540104932082,8
VO0001,9,8888021300116,23
VO0001,9,8886022910266,16
VO0001,9,8886022920258,9
VO0001,9,8999002319659,12
VO0001,9,8999002309650,6
VO0001,9,8999002319659,12
VO0001,9,8886022920111,5
VO0001,9,8999002245651,5
VO0001,9,8886022940379,1
VO0001,9,8999002672129,9
VO0001,9,8887549599491,8
VO0001,9,8999002525012,12
VO0001,9,8999002584057,11
VO0001,10,8992772663090,11
VO0001,10,B86350,4
VO0001,10,B8492,2
VO0001,10,8993176812312,15
VO0001,10,8994757003983,6
VO0001,10,B76668,2
VO0001,10,8997233001077,25
VO0001,11,D47641,34
VO0001,11,D47636,12
VO0001,11,D88966,17
VO0001,11,D69535,41
VO0001,11,D50417,47
VO0001,11,D91717,35
VO0001,12,8993176111392,23
VO0001,12,8993176803099,15
VO0001,12,8993176803105,24
VO0001,12,8993176111378,6
VO0001,12,8993176720563,11
VO0001,12,8993365011007,11
VO0001,12,8993365010628,14
VO0001,12,8993365010604,10
VO0001,12,8993365010642,9
VO0001,13,8993176110098,16
VO0001,13,8993176110081,3
VO0001,13,8993176720884,5
VO0001,13,8993176110067,6
VO0001,14,8998667400252,16
VO0001,14,8998667400276,21
VO0001,14,8998667400924,12
VO0001,14,8998667401051,4
VO0001,14,8998667400269,7
VO0001,14,8998667400283,11
VO0001,14,8998667401051,7
VO0001,14,8998667400931,12
VO0001,14,8998667400696,10
VO0001,14,8998667401068,12
VO0001,14,8998667400948,3
VO0001,14,8998667400726,12
VO0001,14,8998667400719,23
VO0001,15,8995179101066,10
VO0001,15,8995179100199,15
VO0001,15,8995179100182,19
VO0001,15,8995179100175,14
VO0001,15,8995179100090,6
VO0001,15,8995179100106,5
VO0001,15,8995179100113,10
VO0001,15,8995179101042,7
VO0001,16,8993417225116,20
VO0001,16,8993417225215,20
VO0001,16,8888103003492,8
VO0001,16,8998103101071,12
VO0001,16,8995179101219,9
VO0001,16,007916248854,23
VO0001,16,007916248847,40
VO0001,16,007916248830,15
VO0001,16,007916248823,26
VO0001,17,B52227,12
VO0001,17,B0383,12
VO0001,17,B43798,24
VO0001,17,B94944,12
VO0001,17,B0385,6
VO0001,17,B24255,6
VO0001,18,B76895,6
VO0001,18,B76894,6
VO0001,18,B84290,6
VO0001,18,B25765,6
VO0001,18,B25764,6
VO0001,18,B82595,12
VO0001,18,B82594,6
VO0001,19,8999909096004,6
VO0001,19,8999909001213,20
VO0001,19,8994796271299,12
VO0001,19,8999909000773,5
VO0001,19,8999909002821,14
VO0001,19,8999909000773,7
VO0001,19,8999909000544,7
VO0001,20,8999909000377,1
VO0001,20,8999909000483,21
VO0001,20,76239878,7
VO0001,20,76239878,3
VO0001,20,8997018460150,3
VO0001,21,8995078803078,2
VO0001,21,8999909000346,7
VO0001,21,8999909010567,4
VO0001,21,8999909028234,3
VO0001,21,8999909000711,6
VO0001,21,8999909000971,10
VO0001,21,8999909001909,1
VO0001,21,8991906101019,9
VO0001,21,8991906101026,4
VO0001,21,8991906109992,8
VO0001,21,8991906101316,8
VO0001,21,8991906101125,8
VO0001,22,89981115,3
VO0001,22,89981108,5
VO0001,22,8998127912264,6
VO0001,22,8998181941286,4
VO0001,22,8991906101101,11
VO0001,22,8991906101071,10
VO0001,22,8991906101057,3
VO0001,22,8991906105758,10
VO0001,22,8998127921709,7
VO0001,22,8998127921754,9
VO0001,22,8998127912363,3
VO0001,22,8993989311279,6
VO0001,22,8993989311699,10
VO0001,23,8998989110167,5
VO0001,23,8998989110129,7
VO0001,23,8998989300179,8
VO0001,23,8998989300230,4
VO0001,23,8998989300391,8
VO0001,23,8998989121163,5
VO0001,23,8998989100120,5
VO0001,23,8998989300155,8
VO0001,23,8998989500128,5
VO0001,23,8998127117034,5
VO0001,24,8991906101729,5
VO0001,24,89981788,11
VO0001,24,89981757,2
VO0001,24,89981764,5
VO0001,24,8998181941170,18
VO0001,24,89981115,30
VO0001,24,8998989100120,20
VO0001,24,8998989121163,10
VO0001,24,8998989300391,20
VO0001,24,8998127117034,20
VO0001,24,76239878,10
VO0001,24,8998127912264,20
VO0001,24,8991906101057,10
VO0001,24,8991906101071,10
VO0001,24,8991906101101,30
VO0001,24,8991906101019,10
VO0001,24,8991906101026,10
VO0001,24,8999909028234,10
VO0001,24,8999909010567,10
VO0001,25,8991906109992,20
VO0001,25,89981788,10
VO0001,25,89981764,20
VO0001,25,8993989311279,10
VO0001,25,8999909000711,10
VO0001,25,8999909000544,10
VO0001,25,8999909000483,20
VO0001,25,8991906105758,40
VO0001,26,4902430869249,23
VO0001,26,4902430869263,25
VO0001,26,4902430419017,10
VO0001,26,4902430414944,6
VO0001,26,4902430418300,21
VO0001,26,4902430414937,12
VO0001,26,4902430538695,6
VO0001,27,4902430401173,6
VO0001,27,4902430400947,17
VO0001,27,4902430401012,12
VO0001,27,4902430413008,7
VO0001,27,4902430401142,6
VO0001,27,4902430400664,6
VO0001,27,4902430400886,8
VO0001,27,4902430400886,7
VO0001,27,4902430400992,10
VO0001,28,4902430399333,10
VO0001,28,4902430399333,1
VO0001,28,4902430399418,9
VO0001,28,4902430400602,1
VO0001,28,4902430399425,11
VO0001,28,4902430399432,4
VO0001,28,4902430401159,2
VO0001,28,4902430400862,3
VO0001,28,4902430400985,8
VO0001,29,4902430792219,1
VO0001,29,4902430792219,15
VO0001,29,4902430792196,1
VO0001,29,4902430792196,1
VO0001,29,4902430792325,6
VO0001,29,4902430792202,3
VO0001,29,4902430792158,9
VO0001,29,4902430399531,2
VO0001,29,4902430400640,8
VO0001,29,4902430400961,11
VO0001,29,4902430401029,9
VO0001,29,4902430401029,2
VO0001,30,4902430538572,13
VO0001,30,4902430538602,4
VO0001,30,4902430538558,2
VO0001,30,4902430538626,1
VO0001,30,4902430538565,1
VO0001,30,4902430538633,6
VO0001,31,4902430594929,3
VO0001,31,4902430594882,3
VO0001,31,4902430594936,3
VO0001,31,4902430594899,4
VO0001,32,4902430832748,1
VO0001,32,4902430624534,5
VO0001,32,4902430623636,11
VO0001,32,4902430624534,2
VO0001,32,4902430849203,6
VO0001,32,4902430849050,7
VO0001,32,4902430849098,1
VO0001,32,4902430429399,3
VO0001,32,4902430429375,3
VO0001,32,4902430428330,3
VO0001,32,4902430450379,6
VO0001,33,4902430412988,3
VO0001,33,4902430401111,6
VO0001,33,4902430878982,4
VO0001,33,4902430879071,3
VO0001,33,4902430879019,3
VO0001,33,4902430879019,3
VO0001,33,4902430879101,5
VO0001,33,4902430429405,12
VO0001,33,4902430428408,4
VO0001,33,4902430429382,1
VO0001,33,4902430452564,4
VO0001,33,4902430396554,4
VO0001,34,4902430832748,5
VO0001,34,4902430879002,4
VO0001,34,4902430879033,4
VO0001,34,4902430772020,12
VO0001,34,4902430772167,2
VO0001,34,4902430772051,3
VO0001,34,4902430772020,1
VO0001,34,4902430772648,16
VO0001,34,4902430772495,5
VO0001,34,4902430772655,1
VO0001,35,4902430878999,1
VO0001,35,4902430879088,4
VO0001,35,4902430879118,2
VO0001,35,4902430428385,14
VO0001,35,4902430428422,9
VO0001,35,4902430428422,14
VO0001,35,4902430432269,5
VO0001,35,4902430450386,3
VO0001,36,4902430624541,12
VO0001,36,4902430623643,1
VO0001,36,4902430432245,6
VO0001,36,4902430432252,3
VO0001,36,4902430432269,6
VO0001,36,4902430432276,10
VO0001,36,4902430450362,3
VO0001,37,4902430624541,10
VO0001,37,4902430624534,1
VO0001,37,4902430623643,3
VO0001,37,4902430432269,1
VO0001,37,4902430428415,15
VO0001,37,4902430428422,1
VO0001,37,4902430428354,10
VO0001,37,4902430429368,11
VO0001,38,8851932396714,6
VO0001,38,8999999039158,10
VO0001,38,8999999045500,4
VO0001,38,8999999048174,30
VO0001,38,8999999048488,11
VO0001,38,8999999048259,16
VO0001,36,8999999048228,8
VO0001,39,8999999529635,8
VO0001,39,8999999039172,17
VO0001,39,8999999048198,4
VO0001,39,8999999048273,13
VO0001,40,4902430772655,5
VO0001,40,8999999041229,1
VO0001,40,8999999045517,10
VO0001,40,8999999039110,14
VO0001,40,8999999039165,4
VO0001,40,8999999039165,10
VO0001,40,8999999037192,4
VO0001,41,4902430450386,7
VO0001,41,8999999033224,7
VO0001,41,8999999033149,2
VO0001,41,8999999526405,4
VO0001,41,8999999526535,6
VO0001,41,8999999526344,11
VO0001,41,8999999526573,11
VO0001,42,4902430450362,4
VO0001,42,4902430432375,3
VO0001,42,8999999526337,6
VO0001,42,8999999526399,7
VO0001,43,4902430430210,5
VO0001,43,4902430450393,2
VO0001,43,8999999033194,7
VO0001,43,8999999033231,7
VO0001,43,8999999529758,4
VO0001,43,8997050801560,6
VO0001,43,8997050801577,5
VO0001,43,8997050801560,1
VO0001,43,8998183023164,6
VO0001,43,8998183021405,4
VO0001,43,4808888411705,19
VO0001,43,4808888413709,14
VO0001,44,8999999538453,12
VO0001,44,8999999538446,15
VO0001,44,8999999033125,61
VO0001,44,8999999033200,38
VO0001,44,8999999033163,13
VO0001,44,8999999538439,3
VO0001,44,8999999538422,21
VO0001,44,8999999529918,24
VO0001,44,8999999529673,12
VO0001,44,8999999529550,4
VO0001,45,8999999536213,30
VO0001,45,8999999506520,5
VO0001,45,8999999526177,8
VO0001,45,8999999048310,7
VO0001,45,8999999033149,10
VO0001,45,8999999033187,1
VO0001,45,8999999033224,6
VO0001,46,8999999048181,14
VO0001,46,8999999048266,14
VO0001,46,8999999536244,7
VO0001,46,8999999048501,8
VO0001,46,8999999048303,4
VO0001,46,8999999033132,9
VO0001,46,8999999033170,8
VO0001,46,8999999033217,19
VO0001,47,8999999048181,15
VO0001,47,8999999048266,14
VO0001,47,8999999048501,17
VO0001,47,8999999048303,4
VO0001,47,8999999033170,12
VO0001,47,8999999033217,15
VO0001,48,8999999048266,13
VO0001,48,8999999048235,3
VO0001,48,8999999536237,43
VO0001,48,8999999537142,1
VO0001,48,8999999537142,6
VO0001,48,8999999529628,3
VO0001,49,4808888417806,19
VO0001,49,4808888413709,6
VO0001,49,8991380800293,6
VO0001,49,8991380800286,10
VO0001,49,8991380800460,8
VO0001,49,8992821102310,4
VO0001,49,800142384514,10
VO0001,49,800142384538,10
VO0001,49,800142384507,12
VO0001,49,800142384521,8
VO0001,49,8992928061640,14
VO0001,49,8992928061510,15
VO0001,49,800142384576,18
VO0001,50,8998866104920,5
VO0001,50,8998866606813,8
VO0001,50,8998866100595,3
VO0001,50,8998866100632,2
VO0001,50,8998866100557,5
VO0001,50,8998866103114,9
VO0001,50,8992928061435,5
VO0001,50,8992928061442,11
VO0001,50,8992928061428,9
VO0001,50,8992928061008,16
VO0001,50,8992928811252,15
VO0001,50,8992928810804,6
VO0001,50,8992928200803,10
VO0001,50,8992928061367,9
VO0001,51,8999999529741,2
VO0001,51,8999999529635,14
VO0001,51,8999999537159,1
VO0001,51,8999999549176,9
VO0001,51,8999999549145,3
VO0001,51,8992928201404,5
VO0001,51,8992928060186,13
VO0001,51,8992928060216,5
VO0001,51,8992928811283,18
VO0001,51,8992928121405,13
VO0001,52,8999999529901,6
VO0001,52,8999999537142,4
VO0001,52,8999999549169,8
VO0001,52,8999999549138,8
VO0001,52,8999999529901,2
VO0001,52,8991380028208,1
VO0001,52,8999999529901,2
VO0001,52,8999999529734,1
VO0001,52,8992304010125,5
VO0001,52,6946537047443,5
VO0001,52,6946537047481,9
VO0001,52,8992304010101,9
VO0001,52,8998866106788,7
VO0001,52,8998866106863,7
VO0001,53,8999999529734,5
VO0001,53,8999999529628,7
VO0001,53,8998866105743,8
VO0001,53,8998866105781,13
VO0001,53,8998866105767,9
VO0001,53,8998866105750,9
VO0001,53,8998866104098,11
VO0001,53,8998866100564,4
VO0001,53,8998866100649,6
VO0001,53,8998866103121,5
VO0001,53,8998866103121,9
VO0001,53,8998866106702,6
VO0001,53,8998866106863,5
VO0001,54,8998866106412,6
VO0001,54,8998866106436,2
VO0001,54,8998866106443,2
VO0001,54,8998866106238,7
VO0001,54,8998866106214,11
VO0001,54,8998866106221,1
VO0001,54,8998866106245,7
VO0001,54,8998866106252,11
VO0001,54,8998866106795,6
VO0001,54,8998866106870,6
VO0001,54,8998866106719,9
VO0001,55,8990090220148,1
VO0001,55,8990090220131,2
VO0001,55,8990090200256,4
VO0001,55,8990090200195,1
VO0001,55,8990090200423,1
VO0001,55,8888671007014,4
VO0001,55,8995151130015,8
VO0001,55,8995151130039,3
VO0001,55,8990090220032,8
VO0001,55,8995151130114,1
VO0001,55,8992871612159,2
VO0001,56,8993417200083,24
VO0001,56,8993417200069,24
VO0001,56,8993417200076,15
VO0001,56,8993417200045,23
VO0001,56,8993417200021,9
VO0001,56,8993417200014,15
VO0001,56,8993417200038,32
VO0001,56,8993417200052,26
VO0001,56,8993417303012,13
VO0001,56,8993417303029,11
VO0001,57,8993417489945,29
VO0001,57,8993417489921,25
VO0001,57,8993417489938,23
VO0001,57,8993417489914,31
VO0001,57,8993417489976,33
VO0001,57,8993417489952,24
VO0001,57,8993417489969,22
VO0001,57,8993417200441,15
VO0001,57,8993417200427,5
VO0001,57,8993417200410,9
VO0001,58,8992928061633,24
VO0001,58,8992928061336,2
VO0001,58,800142384118,20
VO0001,58,800142384125,14
VO0001,58,800142384613,18
VO0001,58,8993417450440,5
VO0001,58,8993417450433,9
VO0001,58,8993417450419,8
VO0001,59,8901526211715,8
VO0001,59,8901526209897,12
VO0001,59,8901526209910,6
VO0001,59,8993417440946,28
VO0001,59,8993417440922,18
VO0001,59,8993417485015,23
VO0001,59,8993417485114,21
VO0001,59,8993417482236,8
VO0001,59,800142202115,6
VO0001,59,8993417450044,12
VO0001,60,8993417457432,11
VO0001,60,8993417455445,8
VO0001,60,8993417455469,5
VO0001,60,8993417455483,5
VO0001,60,8993417455476,7
VO0001,60,8993417455414,6
VO0001,60,8993417455469,4
VO0001,60,8993417455483,2
VO0001,60,8993417457463,7
VO0001,60,8994066110228,15
VO0001,60,8994066110235,10
VO0001,60,8994066110242,14
VO0001,60,8999999536008,3
VO0001,61,800142384408,10
VO0001,61,800142384392,7
VO0001,61,8998183208110,8
VO0001,61,8998183208127,7
VO0001,61,8998183208141,8
VO0001,61,8998183208158,14
VO0001,61,8998183208172,5
VO0001,61,8998183208165,6
VO0001,61,8990090220155,9
VO0001,61,8999338277777,11
VO0001,61,8999338278118,8
VO0001,61,8998103001616,2
VO0001,61,8994066110129,15
VO0001,61,8995151130138,3
VO0001,62,800142384309,9
VO0001,62,8992871614061,5
VO0001,62,8998866106702,1
VO0001,62,8998866106788,2
VO0001,62,8998866106795,4
VO0001,62,8998866106870,5
VO0001,62,8998866106238,2
VO0001,62,8991380800439,14
VO0001,62,8991380800248,3
VO0001,62,8998183014148,2
VO0001,62,8998183014124,1
VO0001,62,8998183014117,10
VO0001,62,8992803658156,1
VO0001,62,8992803658507,3
VO0001,62,8998866105675,1
VO0001,62,8998866105668,6
VO0001,63,8999999024796,12
VO0001,63,8999999506506,6
VO0001,63,8999999719401,5
VO0001,63,8999999035273,6
VO0001,63,8999999559571,1
VO0001,63,8999999559595,16
VO0001,63,8999999559588,13
VO0001,64,8999999045579,19
VO0001,64,8999999003043,14
VO0001,64,8999999024789,22
VO0001,64,8999999719418,20
VO0001,64,8999999003043,24
VO0001,64,8999999035532,7
VO0001,64,8999999533373,17
VO0001,64,8999999035495,1
VO0001,65,8999999003098,9
VO0001,65,8999999719418,6
VO0001,65,8999777000448,2
VO0001,65,4005808713257,6
VO0001,65,8999777007058,2
VO0001,65,8999777009588,4
VO0001,65,8999777000011,1
VO0001,65,8999777000318,9
VO0001,65,8999777009564,7
VO0001,65,8999777000059,13
VO0001,66,8999999533366,8
VO0001,66,8999999035488,9
VO0001,66,8999999719395,17
VO0001,66,8999999045562,9
VO0001,66,8999999003067,7
VO0001,66,8999999003074,12
VO0001,66,8999999024772,1
VO0001,66,8999777855987,6
VO0001,66,8999777005351,5
VO0001,66,4005808713226,22
VO0001,66,8999777000004,5
VO0001,66,8999777000165,6
VO0001,66,8999777009625,1
VO0001,66,8999777000042,11
VO0001,67,8999777890551,8
VO0001,67,8999777818586,7
VO0001,67,8999777890544,21
VO0001,67,8999777801335,1
VO0001,67,899777878579,5
VO0001,67,899777818623,13
VO0001,67,8999777890537,2
VO0001,67,8992796068017,3
VO0001,67,8999999515188,1
VO0001,67,8999999502973,10
VO0001,67,8999999502942,14
VO0001,67,8999999024789,13
VO0001,68,8998866105675,4
VO0001,68,8998866105668,4
VO0001,68,8998866105682,6
VO0001,68,8998866106320,2
VO0001,68,8994037701660,9
VO0001,68,8994037701110,9
VO0001,68,8994037700861,7
VO0001,68,8998183021337,2
VO0001,68,8998183001568,4
VO0001,68,8998183001506,2
VO0001,68,8998183203184,3
VO0001,68,8998183021337,6
VO0001,69,8999999528874,3
VO0001,69,8999999528867,12
VO0001,69,8999999531423,16
VO0001,69,8999999528881,8
VO0001,69,8999999552558,12
VO0001,69,8999999548520,12
VO0001,69,8999999548537,8
VO0001,70,8999999528805,20
VO0001,70,8999999528904,1
VO0001,70,8999999531423,17
VO0001,70,8999999528911,20
VO0001,70,8999999528928,5
VO0001,70,8999999528898,2
VO0001,70,8999999548520,12
VO0001,71,8999999528935,18
VO0001,71,8999999528829,4
VO0001,71,8999999528942,8
VO0001,71,8999999528836,14
VO0001,71,8999999528966,12
VO0001,71,8999999528812,10
VO0001,71,8999999528850,14
VO0001,71,8999999528843,14
VO0001,72,8998866105507,1
VO0001,72,8998866105507,12
VO0001,72,8998866105484,9
VO0001,72,8998866105507,12
VO0001,72,8998866105491,6
VO0001,72,8998866101509,12
VO0001,72,8998866101516,11
VO0001,72,8998866104371,10
VO0001,72,8998183201104,8
VO0001,72,8992946513275,6
VO0001,72,8992946513299,1
VO0001,72,8992946522284,9
VO0001,72,8992946513282,5
VO0001,72,8992946522291,5
VO0001,72,8992946528132,34
VO0001,73,8998866105637,16
VO0001,73,8998866105637,14
VO0001,73,8998866105644,10
VO0001,73,8993379284282,7
VO0001,73,8993379284275,16
VO0001,73,8993379284268,3
VO0001,73,8992946518829,1
VO0001,73,8992946522321,2
VO0001,73,8992946518812,5
VO0001,73,8992946522314,7
VO0001,73,8992946527616,4
VO0001,74,8990090411003,11
VO0001,74,8990090411027,7
VO0001,74,8990090420296,3
VO0001,74,9555630505100,3
VO0001,74,9555630505117,4
VO0001,74,9555630505131,1
VO0001,74,8995151120559,7
VO0001,74,8995151120412,4
VO0001,74,8999809702829,2
VO0001,74,8999809104083,3
VO0001,74,8999809102836,10
VO0001,74,8995151120245,8
VO0001,74,8992796022026,6
VO0001,74,8992796022132,3
VO0001,74,8992796022101,5
VO0001,74,8998183101619,7
VO0001,75,8993044801417,1
VO0001,75,8993044801424,10
VO0001,75,8993044801431,5
VO0001,75,8993044801400,5
VO0001,75,8993044801387,4
VO0001,75,8993044801394,12
VO0001,75,8993044801523,5
VO0001,75,8993044752047,12
VO0001,75,8993044752016,10
VO0001,75,8993044752023,9
VO0001,75,8993044752061,12
VO0001,75,8993044752030,8
VO0001,75,8993044752054,16
VO0001,75,8993044801141,16
VO0001,75,8993044801165,11
VO0001,75,8993044752108,7
VO0001,75,8993044752078,1
VO0001,75,8993044752078,3
VO0001,75,8993044752085,5
VO0001,75,8993044752122,3
VO0001,75,8993044752092,2
VO0001,75,8993044752115,7
VO0001,75,8993044801134,10
VO0001,75,8993044801356,8
VO0001,75,8993044801165,7
VO0001,76,8992222093033,4
VO0001,76,8992222093019,2
VO0001,76,8992222093026,2
VO0001,76,8992222090476,10
VO0001,76,8992222090452,6
VO0001,76,8992222091510,5
VO0001,76,8992222091534,2
VO0001,76,8992222092937,6
VO0001,76,8992222091718,3
VO0001,76,8992222092913,9
VO0001,76,8992222091510,2
VO0001,76,8992222091534,2
VO0001,76,8997008671368,7
VO0001,76,8997008671405,2
VO0001,76,8997008671375,8
VO0001,77,8995151220884,10
VO0001,77,8995151221102,10
VO0001,77,8995151221010,13
VO0001,77,8995151220846,3
VO0001,77,8995151220815,8
VO0001,77,8995151221034,16
VO0001,77,8995151220822,8
VO0001,77,8995151220891,8
VO0001,77,8995151220907,15
VO0001,78,8992856891630,16
VO0001,78,8992856891609,7
VO0001,78,8992856891647,11
VO0001,78,8992856891593,6
VO0001,78,8992856900875,1
VO0001,78,8992856900882,15
VO0001,78,8992856900899,14
VO0001,78,8992856892538,3
VO0001,78,8992856892514,11
VO0001,78,8992856893689,4
VO0001,78,8992856893177,3
VO0001,78,8992856893702,8
VO0001,78,8995151220846,10
VO0001,78,8995151220877,6
VO0001,79,8992856890848,6
VO0001,79,8992856890855,3
VO0001,79,8998.2856890824,7
VO0001,79,8992856890831,4
VO0001,79,8992856896581,7
VO0001,79,8992856890817,8
VO0001,79,8992856891654,6
VO0001,79,8992856893672,14
VO0001,79,8992856893696,8
VO0001,79,8992856892507,6
VO0001,79,8992856895409,1
VO0001,79,8992856892521,11
VO0001,79,8995151220846,2
VO0001,79,8992856900868,5
VO0001,79,8997027925305,6
VO0001,79,8997027925282,17
VO0001,80,5018389012496,7
VO0001,80,8997027925336,8
VO0001,80,8997027925336,9
VO0001,80,8998866605946,9
VO0001,80,8998866606882,9
VO0001,80,8998866605953,10
VO0001,80,8998866611206,9
VO0001,80,8998866611220,8
VO0001,80,8998866611237,7
VO0001,80,8998866611213,11
VO0001,80,8998866605939,3
VO0001,80,8998866606899,1
VO0001,80,8998866606912,2
VO0001,80,8998866606882,1
VO0001,80,8992856897540,6
VO0001,80,8992856897373,11
VO0001,80,8992856897380,6
VO0001,80,8992856898110,4
VO0001,80,8992856898400,24
VO0001,81,8997016220756,13
VO0001,81,8997016220749,13
VO0001,81,8992929913061,8
VO0001,81,8992929913054,7
VO0001,81,8992222092982,11
VO0001,81,8992222092968,1
VO0001,81,8994037830988,7
VO0001,81,8994037831015,5
VO0001,81,8994037831008,5
VO0001,81,8994037830964,3
VO0001,82,8997016220978,14
VO0001,82,8997016220954,11
VO0001,82,8998183604226,4
VO0001,82,8998183604219,8
VO0001,82,8998183604608,9
VO0001,82,8992821100859,6
VO0001,82,8992222054553,1
VO0001,82,8992304015298,6
VO0001,82,8992304009167,16
VO0001,82,8992304096723,6
VO0001,82,8992304009204,3
VO0001,83,8990090310016,11
VO0001,83,8990090310092,9
VO0001,83,8990090310023,7
VO0001,83,8990090410075,5
VO0001,83,8993417020032,9
VO0001,83,8993417001369,12
VO0001,83,8993417001383,7
VO0001,83,8993417151132,8
VO0001,89,8993417001376,7
VO0001,83,8993417070211,19
VO0001,83,8990090301564,4
VO0001,83,8990090301595,2
VO0001,84,8990090301564,4
VO0001,84,8990090301588,3
VO0001,84,8993417001291,11
VO0001,84,8993417151125,6
VO0001,84,8993417001260,8
VO0001,84,8993417001284,9
VO0001,84,8993417151125,2
VO0001,84,8993417001161,10
VO0001,84,8993417006036,6
VO0001,84,8993417001185,10
VO0001,84,8993417001178,11
VO0001,84,8993417361227,10
VO0001,84,8993417361210,10
VO0001,84,8851932390392,15
VO0001,84,8851932390361,8
VO0001,85,8993417364914,22
VO0001,85,8993417285622,10
VO0001,85,8993417285615,7
VO0001,85,8993417362934,19
VO0001,85,8993417362927,20
VO0001,85,8993417362910,11
VO0001,85,8993417122026,16
VO0001,85,8993417122521,20
VO0001,85,8993417361012,29
VO0001,85,8993417361029,17
VO0001,85,8995151110253,6
VO0001,85,8851932396530,14
VO0001,85,8851932396523,1
VO0001,85,8851932396547,9
VO0001,85,8999999559663,2
VO0001,85,8999999541101,4
VO0001,85,8992727005555,10
VO0001,85,8992727002837,4
VO0001,85,8992727005937,12
VO0001,85,4901730070010,17
VO0001,85,8850007700050,12
VO0001,86,8990090300680,7
VO0001,86,8990090300772,5
VO0001,86,8990090300673,6
VO0001,86,8990090300765,2
VO0001,86,8990090300666,9
VO0001,86,8990090300758,4
VO0001,86,8990090300727,7
VO0001,86,8990090300741,14
VO0001,86,8990090300635,1
VO0001,86,8990090300642,1
VO0001,87,8995151110512,6
VO0001,87,8995151110505,2
VO0001,87,8995151110536,7
VO0001,87,8995151110529,12
VO0001,85,8992796011624,6
VO0001,85,8995151110154,1
VO0001,85,8995151110178,5
VO0001,85,8995151110116,23
VO0001,85,8992304096273,3
VO0001,87,8995151110512,6
VO0001,87,8995151110505,2
VO0001,87,8995151110536,7
VO0001,87,8995151110529,12
VO0001,87,8995151110482,16
VO0001,87,8995151110499,3
VO0001,87,8995151110468,1
VO0001,87,8995151110543,6
VO0001,87,8995151110581,7
VO0001,87,8995151110611,13
VO0001,87,8995151110567,1
VO0001,87,8995151120917,1
VO0001,88,8999777000172,12
VO0001,88,8999777888381,5
VO0001,88,8999777002954,20
VO0001,88,4005808694822,3
VO0001,88,8999225906773,15
VO0001,88,8998824552282,6
VO0001,88,8998824551346,5
VO0001,89,9300830037810,5
VO0001,88,9300830042913,35
VO0001,89,9300830020225,13
VO0001,89,9300830020188,7
VO0001,89,8999777004859,1
VO0001,89,8999777011406,9
VO0001,89,8992895141178,3
VO0001,89,8998183103132,6
VO0001,89,8998183103118,5
VO0001,90,8934868015024,32
VO0001,90,8999999548643,13
VO0001,90,8999999548650,13
VO0001,90,8999999548629,6
VO0001,90,8999999005580,1
VO0001,90,8999999049461,1
VO0001,90,8999999049454,1
VO0001,90,8999999047108,16
VO0001,91,8999777007430,19
VO0001,91,8999777004163,4
VO0001,91,8999777009281,6
VO0001,91,8999777004354,17
VO0001,91,8999777004194,24
VO0001,91,8999777011383,18
VO0001,91,8999777006228,14
VO0001,92,8999999519865,9
VO0001,92,8999999519872,3
VO0001,92,8999999027865,18
VO0001,92,8999999538583,11
VO0001,92,8999999045098,7
VO0001,92,8999999005795,5
VO0001,92,8999999005580,33
VO0001,93,8999999534677,13
VO0001,93,8999999534660,1
VO0001,93,8999999049478,13
VO0001,93,8999999049461,11
VO0001,93,8999999049454,16
VO0001,93,8999999049454,2
VO0001,93,8999999049508,46
VO0001,94,8999999520175,17
VO0001,94,8999999049492,28
VO0001,94,8999999049447,7
VO0001,94,8999999530440,27
VO0001,94,8999999049485,15
VO0001,94,8999999049508,6
VO0001,94,8999999049447,1
VO0001,95,8992856896550,4
VO0001,95,8992856896574,8
VO0001,95,8993044801103,8
VO0001,95,8993044801110,4
VO0001,95,8994037702902,11
VO0001,95,8994037701486,9
VO0001,95,8994037702964,2
VO0001,95,8994037703251,4
VO0001,95,8992222060134,3
VO0001,95,8992222060110,2
VO0001,95,8992222060349,9
VO0001,95,8992222060332,20
VO0001,95,8992222060127,10
VO0001,95,8992222060110,1
VO0001,95,8992222060103,6
VO0001,96,8992832603301,6
VO0001,96,8992832603295,6
VO0001,96,8992832603288,8
VO0001,95,8997017640522,8
VO0001,96,8997017640515,7
VO0001,96,8997017640539,6
VO0001,96,8992832603257,11
VO0001,96,8992832603240,14
VO0001,96,8997017640492,7
VO0001,96,8992832603264,8
VO0001,96,8997017640508,7
VO0001,96,8993044050327,8
VO0001,96,8993044751279,6
VO0001,96,8993044050358,6
VO0001,96,8993044050198,10
VO0001,96,8993044050211,6
VO0001,96,8998866106467,5
VO0001,96,8998866106467,11
VO0001,96,8998866106481,9
VO0001,103,4902430869102,12
VO0001,103,4902430869126,15
VO0001,103,4902430414296,12
VO0001,103,4902430102247,15
VO0001,103,4902430411776,9
VO0001,103,8999999529604,27
VO0001,103,8999999529703,12
VO0001,103,8999999529710,3
VO0001,103,8999999529697,15
VO0001,104,4902430753357,19
VO0001,104,4902430737142,11
VO0001,104,4902430507516,6
VO0001,104,4902430506960,14
VO0001,104,4902430706056,6
VO0001,104,8999999529604,23
VO0001,104,4902430582704,5
VO0001,104,8999999529604,23
VO0001,104,4902430506977,6
VO0001,105,4902430753340,6
VO0001,105,4902430582704,1
VO0001,105,4902430752626,3
VO0001,105,4902430553629,5
VO0001,105,4902430553636,24
VO0001,105,4902430553643,1
VO0001,105,8999999529710,17
VO0001,105,8999999529697,13
VO0001,106,4902430414289,14
VO0001,106,4902430102254,24
VO0001,106,4902430400671,12
VO0001,106,8999999529727,16
VO0001,106,8999999529598,12
VO0001,107,4902430110648,2
VO0001,107,4902430110778,1
VO0001,107,4902430869133,9
VO0001,107,4902430869140,4
VO0001,107,4902430507066,1
VO0001,107,4902430506939,1
VO0001,107,8999999529598,4
VO0001,107,8999999529727,12
VO0001,108,4902430430883,6
VO0001,108,4902430396028,14
VO0001,108,4902430397827,8
VO0001,108,4902430430999,2
VO0001,108,4902430433082,7
VO0001,108,4902430142083,15
VO0001,108,4902430430715,10
VO0001,108,8998866106405,7
VO0001,108,8998866106375,1
VO0001,108,8998866106399,2
VO0001,108,8998866106368,4
VO0001,108,8998866106368,5
VO0001,108,8998866106351,5
VO0001,97,8992856897786,12
VO0001,97,8992856897748,2
VO0001,97,8993417165221,8
VO0001,97,8993417165238,7
VO0001,97,8993417165016,8
VO0001,97,8993237593020,2
VO0001,97,8993417052316,10
VO0001,97,8993417052323,4
VO0001,97,8993417055126,6
VO0001,97,8993417052125,2
VO0001,97,89941225,6
VO0001,97,8998866610155,4
VO0001,97,8998866610162,5
VO0001,97,8998866610179,14
VO0001,98,B91540,1
VO0001,99,8998866605267,4
VO0001,99,8998866610124,24
VO0001,99,8992772265164,13
VO0001,99,8992772265010,14
VO0001,99,8992772265287,5
VO0001,99,8992772265027,23
VO0001,99,8993417353154,23
VO0001,99,8993417353130,12
VO0001,99,8993417353130,12
VO0001,99,8993417353116,5
VO0001,99,8993417097218,30
VO0001,99,8993417096211,28
VO0001,99,8999999508609,16
VO0001,99,8997050805315,26
VO0001,99,8992745610809,14
VO0001,99,8992745610816,20
VO0001,100,8992745610854,8
VO0001,100,8992745610861,20
VO0001,100,8992745610878,2
VO0001,100,8992727004473,11
VO0001,100,8999999001049,7
VO0001,100,8999999032760,19
VO0001,100,8999999001056,18
VO0001,98,8993417168215,6
VO0001,98,8992856877177,2
VO0001,98,8993417167119,5
VO0001,98,8993417169120,3
VO0001,98,8993417162145,2
VO0001,98,8993417162138,2
VO0001,98,8993417162121,11
VO0001,98,8993417162114,10
VO0001,98,8993417167218,5
VO0001,98,8993417167256,9
VO0001,98,8993417169212,6
VO0001,98,8993417162220,14
VO0001,98,8993417162237,8
VO0001,98,8993417162244,2
VO0001,98,8993417162213,4
VO0001,101,8992745610908,3
VO0001,101,8992727004442,4
VO0001,101,8992727004466,2
VO0001,101,8993417263224,16
VO0001,101,8993417260223,3
VO0001,101,8993417260230,2
VO0001,101,8993417260216,4
VO0001,101,8886030223853,2
VO0001,101,8886030223815,4
VO0001,101,8886030223839,3
VO0001,101,8993560027568,1
VO0001,102,8993379254964,1
VO0001,102,8993379254957,1
VO0001,102,8886030229954,12
VO0001,102,8886030229961,7
VO0001,102,8886030229947,12
VO0001,102,8886030229916,10
VO0001,102,8886030229930,6
VO0001,102,8993417263712,20
VO0001,102,8993417263736,4
VO0001,102,8992803993233,4
VO0001,102,8992803993257,1
VO0001,109,8998183606435,3
VO0001,109,8998183502126,12
VO0001,109,8993082275508,7
VO0001,109,8993082275515,2
VO0001,109,8999338261783,9
VO0001,109,8999338169898,2
VO0001,109,8999338196788,11
VO0001,110,8993082273016,6
VO0001,110,8992222050104,1
VO0001,110,8992222020039,2
VO0001,110,8999999720940,7
VO0001,110,8999999530488,12
VO0001,110,8999999530495,7
VO0001,110,8999999530471,3
VO0001,110,8999999530464,18
VO0001,111,8999777007270,6
VO0001,111,8999777004613,19
VO0001,111,8999777004552,5
VO0001,111,8999777004484,5
VO0001,111,8999777007355,8
VO0001,111,8999777004583,16
VO0001,111,3614220976402,5
VO0001,111,3614220976358,2
VO0001,111,3614220976259,4
VO0001,112,4902430479240,2
VO0001,112,4902430440950,2
VO0001,112,7702018001538,3
VO0001,112,8888826016182,11
VO0001,112,3014260301705,12
VO0001,112,8888826016175,11
VO0001,112,7702018996575,5
VO0001,113,4902430733021,6
VO0001,113,4902430733274,4
VO0001,113,4902430508377,3
VO0001,113,7702018017515,16
VO0001,113,4902430508339,3
VO0001,113,4902430580342,2
VO0001,113,7702018041169,1
VO0001,113,047400179349,8
VO0001,114,4902430801423,12
VO0001,114,4902430792851,2
VO0001,114,8888826019589,23
VO0001,114,8992765301008,24
VO0001,114,8992765101011,13
VO0001,114,8888826016243,11
VO0001,114,7702018965236,11
VO0001,114,7702018965267,11
VO0001,115,8999999034023,18
VO0001,115,8999999034689,6
VO0001,115,8999999041656,7
VO0001,115,8999999034733,3
VO0001,115,047400247307,1
VO0001,115,047400245105,3
VO0001,115,8992765101004,20
VO0001,115,7702018017515,3
VO0001,115,8998990206040,4
VO0001,115,8998990206040,10
VO0001,115,8998990206071,51
VO0001,116,8993417145162,5
VO0001,116,8993417145261,5
VO0001,116,8993417145254,5
VO0001,116,8993417142291,4
VO0001,116,8993417142284,1
VO0001,116,8998183503260,11
VO0001,116,8998183604752,9
VO0001,116,8999338278897,12
VO0001,116,8999338288872,7
VO0001,116,8999338166767,8
VO0001,116,8999338169881,8
VO0001,116,8999338169997,7
VO0001,117,4902430733298,2
VO0001,117,8993417142123,7
VO0001,117,8993417142147,11
VO0001,117,8993417142161,9
VO0001,117,8993417145117,5
VO0001,117,8993417145124,9
VO0001,117,8993417145131,6
VO0001,117,8993417142246,4
VO0001,117,8993417145216,2
VO0001,117,8993417145230,14
VO0001,117,8993417142260,3
VO0001,117,8993417142222,6
VO0001,117,8993417145223,8
VO0001,118,8999999049423,13
VO0001,118,8999999520182,22
VO0001,118,8999999049669,28
VO0001,118,8999999503925,25
VO0001,118,8999999503918,17
VO0001,119,8999999047092,30
VO0001,119,8999999049416,16
VO0001,119,8999999049393,32
VO0001,119,8999999049393,32
VO0001,119,8999999049409,24
VO0001,120,8999999034023,7
VO0001,120,4800888157959,15
VO0001,120,8999999034689,11
VO0001,120,8999999527372,2
VO0001,120,8999999034726,1
VO0001,120,8999999527860,10
VO0001,120,8999999527884,6
VO0001,120,8999999045739,6
VO0001,120,8999999001988,13
VO0001,121,8999999001988,6
VO0001,121,4800888157966,1
VO0001,121,8999999034030,6
VO0001,121,8999999527365,9
VO0001,121,8999999034696,4
VO0001,121,8999999034719,10
VO0001,121,8999999041656,19
VO0001,122,8992727003810,9
VO0001,122,8992727002851,7
VO0001,122,8992727005135,21
VO0001,122,8992727003537,5
VO0001,122,8992727005524,9
VO0001,122,8992727006330,12
VO0001,122,8992727006330,3
VO0001,122,8992727005111,7
VO0001,122,8992727005159,7
VO0001,122,8992727005128,10
VO0001,122,8992727005142,27
VO0001,123,8992727003841,6
VO0001,123,8992727002882,11
VO0001,123,8992727002868,35
VO0001,123,8992727002875,5
VO0001,123,8992929913016,6
VO0001,124,9300830007813,8
VO0001,124,9300830019380,8
VO0001,124,9300830022557,7
VO0001,124,9300830050451,10
VO0001,124,9300830006472,15
VO0001,124,4800888141125,8
VO0001,124,4800888137319,7
VO0001,124,9300830049073,7
VO0001,125,8992895171250,5
VO0001,125,8992915585029,5
VO0001,124,8992915600012,4
VO0001,124,8992915585036,5
VO0001,125,8992895110228,6
VO0001,125,8992895292139,4
VO0001,125,8992895292115,4
VO0001,125,8992895151214,6
VO0001,125,8995151820121,5
VO0001,125,8998183605407,16
VO0001,125,8998183605414,1
VO0001,125,8998183501143,6
VO0001,125,3607345380094,3
VO0001,125,3607345401119,4
VO0001,125,3607345380247,4
VO0001,125,3607342735699,3
VO0001,125,8992222040044,8
VO0001,126,8992915585111,2
VO0001,126,8992915585128,4
VO0001,126,8992915585104,6
VO0001,126,8997017640171,4
VO0001,126,8998183503246,3
VO0001,126,8998183503239,7
VO0001,126,8998183503253,5
VO0001,126,8998183604622,4
VO0001,126,8997019670688,1
VO0001,126,8992929913023,9
VO0001,126,8997019672675,1
VO0001,126,8997019671944,1
VO0001,126,8997019672842,1
VO0001,126,8992895151108,9
VO0001,126,8908001158305,18
VO0001,127,8997017640393,7
VO0001,127,8997017640386,12
VO0001,127,8992915586156,1
VO0001,127,8992895300025,6
VO0001,127,8992895300018,4
VO0001,127,8992915600036,6
VO0001,127,8997017640485,5
VO0001,127,8997017640478,2
VO0001,127,8992895110136,6
VO0001,127,8992895110150,6
VO0001,127,8992895171106,7
VO0001,127,8999777004910,6
VO0001,127,9300830025831,1
VO0001,127,8999777004972,9
VO0001,127,8999777007591,6
VO0001,127,9300830025831,3
VO0001,127,9300830023493,17
VO0001,128,8992895110105,3
VO0001,128,8992895110112,3
VO0001,128,8992895151153,2
VO0001,128,8997017640140,6
VO0001,128,8997017640065,4
VO0001,128,8997017640096,2
VO0001,128,8997008671153,6
VO0001,128,8997017640072,6
VO0001,128,8997008671108,3
VO0001,128,8997008671092,7
VO0001,128,8997008671061,3
VO0001,128,8997008671078,2
VO0001,128,8997008671085,8
VO0001,128,8997008671177,8
VO0001,128,8997017640669,3
VO0001,128,8997017640652,8
VO0001,128,8997008671153,9
VO0001,128,8997017640638,4
VO0001,128,8997017640621,5
VO0001,128,8997017640614,9
VO0001,128,8997017640645,8
VO0001,129,8998866105972,13
VO0001,128,8998866105989,16
VO0001,128,8998866105958,19
VO0001,128,8998866105965,18
VO0001,129,8992980117132,25
VO0001,130,8993082242043,17
VO0001,130,8993082248007,21
VO0001,130,8991102103367,10
VO0001,130,8998866105996,13
VO0001,130,8992805010129,21
VO0001,131,8993417105517,16
VO0001,131,8993417105524,4
VO0001,131,8993417105418,3
VO0001,131,8993417105425,12
VO0001,131,8999999035563,35
VO0001,131,8999999008505,28
VO0001,132,8992695705266,30
VO0001,132,8992695725264,31
VO0001,132,8992695785169,19
VO0001,132,8992695725165,5
VO0001,132,8992695505163,10
VO0001,132,8991991584063,43
VO0001,133,9310042627501,44
VO0001,133,8992695744067,26
VO0001,133,8993417105524,21
VO0001,134,8991991724063,35
VO0001,134,8992695754066,14
VO0001,134,8991991161332,1
VO0001,134,6920354815522,23
VO0001,134,6920354815560,16
VO0001,134,6920354826498,41
VO0001,134,8992695734662,21
VO0001,134,6920354815546,13
VO0001,135,8999889407074,30
VO0001,135,8999889406077,17
VO0001,135,8999889405070,32
VO0001,135,8993417105425,30
VO0001,135,8993417105418,11
VO0001,136,8992980117057,30
VO0001,136,8992980114001,4
VO0001,136,8992980117064,21
VO0001,136,8992980117002,20
VO0001,136,8992980117019,23
VO0001,137,8992805010624,35
VO0001,137,8992805010617,16
VO0001,137,8992805010143,11
VO0001,137,8992805010136,8
VO0001,137,8992805010174,3
VO0001,137,8992980114018,26
VO0001,138,8999999032890,15
VO0001,138,8999999032883,34
VO0001,138,8999999706111,67
VO0001,138,8999999706173,38
VO0001,138,8999999534097,33
VO0001,139,8999999706180,51
VO0001,139,8999999037765,40
VO0001,140,8993417105548,31
VO0001,140,8993417105449,33
VO0001,140,8999999028701,29
VO0001,141,8998866100168,38
VO0001,141,8998866105071,57
VO0001,141,8998866181082,10
VO0001,142,8998866105057,26
VO0001,142,8998866100144,37
VO0001,142,8998866181068,17
VO0001,142,8998866101530,29
VO0001,142,8998866106184,21
VO0001,143,8998866105064,27
VO0001,143,8998866181075,32
VO0001,143,8998866100151,51
VO0001,143,8998866100748,29
VO0001,143,8998866100731,20
VO0001,144,8998866107594,13
VO0001,144,8998866106191,25
VO0001,144,8999999519957,8
VO0001,144,8999999536640,46
VO0001,145,8999999710880,73
VO0001,145,8999999030179,35
VO0001,145,8999999707774,32
VO0001,145,8999999535650,55
VO0001,145,8999999534752,59
VO0001,146,8999999552466,5
VO0001,145,8999999535667,34
VO0001,146,8999999534769,38
VO0001,147,8999999710873,44
VO0001,147,8999999552466,10
VO0001,147,8999999706449,12
VO0001,148,8999999030186,19
VO0001,148,8999999715588,69
VO0001,148,8999999710866,36
VO0001,149,8999999707842,121
VO0001,150,8999999707835,99
VO0001,150,8999999706449,95
VO0001,150,8999999008499,95
VO0001,150,8999999710866,60
VO0001,150,8999999706449,186
VO0001,151,8999999707859,85
VO0001,151,8999999706487,52
VO0001,151,8999999707859,12
VO0001,152,8999999552473,51
VO0001,152,8999999534059,35
VO0001,152,8999999534042,45
VO0001,152,8998103001579,17
VO0001,153,8999999031930,22
VO0001,153,8999999031923,12
VO0001,153,8999999549527,10
VO0001,153,8999999717643,3
VO0001,153,8999999503758,9
VO0001,153,8999999717643,5
VO0001,153,8999999519711,8
VO0001,153,8999999706661,12
VO0001,153,8999999519735,1
VO0001,153,8999999717643,13
VO0001,153,8999999547387,17
VO0001,154,8999999008079,50
VO0001,154,8999999041533,1
VO0001,154,8999999008055,8
VO0001,154,8999999005801,10
VO0001,154,8999999520137,7
VO0001,155,8999999039233,12
VO0001,155,8999999039226,14
VO0001,155,8999999008062,18
VO0001,155,8993292015123,26
VO0001,155,8993292011415,39
VO0001,155,8993292018117,33
VO0001,155,8993292011217,24
VO0001,154,8993292015123,12
VO0001,156,8999999008482,30
VO0001,156,8992980117026,49
VO0001,156,8992805010242,26
VO0001,156,8992980117033,35
VO0001,156,8992980117088,29
VO0001,156,8992805010211,18
VO0001,156,8992805010228,20
VO0001,156,8850006342213,14
VO0001,156,8998866107648,19
VO0001,156,8999999707842,6
VO0001,157,8998103017525,11
VO0001,157,8998866103084,38
VO0001,157,8998866100243,22
VO0001,157,8998866100229,24
VO0001,157,8998866100250,19
VO0001,158,3014260279059,21
VO0001,158,3014260781033,4
VO0001,158,3014260781132,13
VO0001,158,3014260819033,4
VO0001,158,3014260819057,3
VO0001,158,3014260819118,1
VO0001,158,3014260818852,10
VO0001,158,3014260819132,5
VO0001,158,3014260819217,2
VO0001,158,3014260839932,1
VO0001,159,4902430678346,15
VO0001,159,4902430678421,1
VO0001,159,3014260011888,8
VO0001,159,4902430534680,2
VO0001,159,3014260839932,10
VO0001,159,4902430534659,5
VO0001,159,4902430599610,2
VO0001,159,4210201028079,8
VO0001,159,3014260304744,1
VO0001,159,4902430503235,6
VO0001,159,4210201028192,5
VO0001,159,4902430869638,5
VO0001,159,4902430869652,12
VO0001,160,3014260855550,20
VO0001,160,4902430390156,10
VO0001,160,3014260803926,31
VO0001,160,3014260803957,14
VO0001,160,4902430390170,2
VO0001,160,4902430403856,11
VO0001,160,4902430403900,11
VO0001,160,8888826016557,8
VO0001,160,3014260821883,12
VO0001,160,3014260821852,9
VO0001,160,3014260279462,11
VO0001,160,3014260279400,10
VO0001,160,3014260279387,12
VO0001,161,8998866107013,21
VO0001,161,8998866803977,35
VO0001,161,8998866610292,16
VO0001,161,8998866106948,6
VO0001,161,8998866108089,8
VO0001,161,8998866107631,21
VO0001,161,8993292018117,24
VO0001,161,8993292011415,23
VO0001,161,8886020911609,35
VO0001,161,8886020911593,26
VO0001,161,8998866103893,18
VO0001,162,8991111153070,7
VO0001,162,8991111153117,11
VO0001,162,8991111152080,5
VO0001,162,8992725910455,7
VO0001,162,8991111153148,6
VO0001,162,8992725910332,1
VO0001,162,8991111153049,3
VO0001,162,8992725910424,12
VO0001,162,8992725910202,13
VO0001,163,8998667400184,1
VO0001,163,8998667400344,1
VO0001,163,8998667400375,6
VO0001,163,8991111153063,1
VO0001,163,8999999032425,11
VO0001,163,8991111153094,10
VO0001,163,8991111152073,10
VO0001,163,8992725910400,8
VO0001,163,8992725910417,20
VO0001,164,8991111153070,9
VO0001,164,8850006302088,6
VO0001,164,8850006302132,7
VO0001,164,8999999032463,8
VO0001,164,8850006306901,5
VO0001,164,4902430511551,5
VO0001,164,8992725910356,1
VO0001,164,8991111153056,2
VO0001,165,8998866103961,24
VO0001,165,8998866606554,43
VO0001,165,8998866606547,25
VO0001,165,8998866103985,26
VO0001,165,8998866103978,19
VO0001,165,8998866105934,20
VO0001,165,8998866105927,12
VO0001,165,8998866101929,4
VO0001,166,8886020911555,13
VO0001,166,8998990911197,15
VO0001,166,8998990911203,16
VO0001,166,8886020911074,26
VO0001,166,9556031209901,8
VO0001,166,9556031209895,15
VO0001,166,8998866102612,29
VO0001,167,8886020911593,12
VO0001,167,8886020911180,24
VO0001,167,9556031209901,12
VO0001,167,8998990911203,20
VO0001,167,8998990911197,14
VO0001,167,9556031209895,6
VO0001,167,7038513895007,32
VO0001,167,7038513893003,26
VO0001,167,7038513894000,16
VO0001,167,7038513863006,11
VO0001,167,7038518665506,21
VO0001,168,8999999390198,45
VO0001,169,8999999390198,35
VO0001,170,8992772265430,10
VO0001,170,8993560022020,5
VO0001,170,8993560022006,15
VO0001,171,7038516140319,18
VO0001,171,8993417353154,4
VO0001,171,8992745610809,1
VO0001,171,8993417353130,5
VO0001,171,8993417353147,16
VO0001,171,8993417097317,22
VO0001,171,8886030223853,5
VO0001,171,8886030223952,12
VO0001,172,8992772265188,1
VO0001,172,8993417097423,5
VO0001,172,8993417097416,4
VO0001,172,8998866605328,1
VO0001,172,8999999026400,4
VO0001,172,8999999538200,24
VO0001,172,8999999530259,24
VO0001,172,8999999530242,24
VO0001,629,4902430358583,9
VO0001,629,4902430627573,3
VO0001,629,4902430928779,18
VO0001,629,4902430453028,7
VO0001,629,4902430622066,16
VO0001,629,4902430622080,4
VO0001,629,8995230702294,2
VO0001,629,4902430687355,14
VO0001,629,4902430340762,12
VO0001,629,4902430693370,13
VO0001,629,4902430821995,13
VO0001,629,8997010253439,7
VO0001,629,8993417097416,2
VO0001,628,8999999027254,16
VO0001,628,8999999001230,15
VO0001,628,8999999001216,16
VO0001,628,8999999001247,21
VO0001,628,8999999530273,32
VO0001,628,8999999541996,25
VO0001,628,8999999559526,11
VO0001,628,8999999001193,2
VO0001,628,8999999027261,11
VO0001,628,8999999538200,15
VO0001,628,8999999036829,40
VO0001,628,8999999005481,15
VO0001,628,8999999036867,1
VO0001,627,8997017120031,21
VO0001,627,8997017120017,48
VO0001,627,8997017120024,100
VO0001,616,8886020223177,31
VO0001,616,8886020223160,13
VO0001,616,8886020223306,8
VO0001,616,8886020223313,12
VO0001,616,8886020223320,10
VO0001,617,8997217180019,19
VO0001,617,8997217180026,21
VO0001,617,8997217180088,6
VO0001,617,8997217180095,22
VO0001,617,8997217180071,35
VO0001,617,8886020223429,12
VO0001,617,B51025,14
VO0001,617,B93937,3
VO0001,618,8886020225058,15
VO0001,618,8886020225102,18
VO0001,618,8886020225096,14
VO0001,618,8886020225164,19
VO0001,618,8886020225119,21
VO0001,618,8886020225539,30
VO0001,618,8886020225157,26
VO0001,618,8886020225188,10
VO0001,618,8998990225034,20
VO0001,619,8886020033547,39
VO0001,619,8998990223023,36
VO0001,619,8998990223016,11
VO0001,619,8886020223078,14
VO0001,619,8992745700913,3
VO0001,619,8992742360844,1
VO0001,620,8886020223252,16
VO0001,620,8886020223337,21
VO0001,620,8886020223436,12
VO0001,620,8886020209300,18
VO0001,620,8886020209201,26
VO0001,620,8886020223337,9
VO0001,621,8992745610236,5
VO0001,621,8992745610229,6
VO0001,621,8992745610243,4
VO0001,621,8993061140018,5
VO0001,621,8886020225096,10
VO0001,621,8997024740321,2
VO0001,621,8992806036647,2
VO0001,621,8886020225188,2
VO0001,621,8998866611145,1
VO0001,621,B93937,2
VO0001,621,B54217,9
VO0001,621,B73641,9
VO0001,610,C89392,2
VO0001,610,C89494,3
VO0001,610,C7717,1
VO0001,610,C68604,1
VO0001,610,C89366,4
VO0001,611,C732879,5
VO0001,611,C84309,2
VO0001,611,C735306,5
VO0001,611,C732783,6
VO0001,612,C56160,3
VO0001,612,C89826,2
VO0001,612,C89495,1
VO0001,612,C89391,7
VO0001,612,C89397,5
VO0001,613,C84711,4
VO0001,613,C89384,1
VO0001,613,C89492,3
VO0001,613,C89366,1
VO0001,613,C91183,3
VO0001,613,C735303,6
VO0001,614,C64124,8
VO0001,614,C64689,1
VO0001,614,C89390,4
VO0001,614,C735302,6
VO0001,615,C92662,1
VO0001,615,C93629,1
VO0001,615,C733503,3
VO0001,615,C733505,1
VO0001,615,C64699,4
VO0001,615,C89393,3
VO0001,615,C36824,2
VO0001,615,C89389,1
VO0001,615,C69659,6
VO0001,622,8992806911791,18
VO0001,622,8992806002239,9
VO0001,622,8992806004479,8
VO0001,622,8992806004547,6
VO0001,622,8992806745303,5
VO0001,622,8992806901976,1
VO0001,622,8992806004059,5
VO0001,622,8992806745143,7
VO0001,622,8997024740031,1
VO0001,622,8992806895046,4
VO0001,622,8992806130901,2
VO0001,623,8886020223382,1
VO0001,623,B87475,2
VO0001,623,B87474,2
VO0001,623,B87470,6
VO0001,623,B87476,9
VO0001,623,B87471,6
VO0001,623,B87473,10
VO0001,623,B0210,7
VO0001,623,8997024740055,1
VO0001,623,5835734871960,1
VO0001,622,8992806000334,7
VO0001,624,B21240,12
VO0001,1,B732847,1
VO0001,1,B732958,5
VO0001,1,B733119,1
VO0001,641,8886020212669,6
VO0001,641,8886020212652,5
VO0001,641,8886020212607,3
VO0001,641,8886020212614,29
VO0001,641,8886020212607,3
VO0001,641,8886020212638,7