VO0001,501,8850096830348,11
VO0001,501,8850096830096,9
VO0001,501,8850096830102,19
VO0001,501,8995154800502,14
VO0001,501,8995154800663,6
VO0001,501,8995154800649,14
VO0001,502,733894323343,23
VO0001,502,733894323374,6
VO0001,502,733894323428,6
VO0001,502,733894324463,7
VO0001,503,733894221038,8
VO0001,503,8993049111559,11
VO0001,503,8993049111214,14
VO0001,504,8995154800441,12
VO0001,504,8995154802261,27
VO0001,505,8995154802025,22
VO0001,505,8995154802032,21
VO0001,506,8995227500308,30
VO0001,506,8995227500292,28
VO0001,506,8995227500254,15
VO0001,506,8995227500247,29
VO0001,506,8995227502074,4
VO0001,507,8995227501015,30
VO0001,507,8995227501008,30
VO0001,507,8995227500995,28
VO0001,507,8995227500278,15
VO0001,507,8995227500230,16
VO0001,507,8995227501039,20
VO0001,508,8999988888866,19
VO0001,508,8999988888842,6
VO0001,508,8999988888811,16
VO0001,508,8999988888828,5
VO0001,508,8999988888835,13
VO0001,508,8999988888859,2
VO0001,508,8999988888804,15
VO0001,509,8991234416014,14
VO0001,509,8991234416816,6
VO0001,509,8995227500582,32
VO0001,509,8995227500377,20
VO0001,510,8999988778983,21
VO0001,510,8995227501022,40
VO0001,510,8995227500124,28
VO0001,510,8999988888989,36
VO0001,510,8995227500261,11
VO0001,510,8999988888972,22
VO0001,511,8997035120020,26
VO0001,511,8992772123068,28
VO0001,511,8992772663090,14
VO0001,511,8992772233064,5
VO0001,511,8993058104917,23
VO0001,512,8992772122245,9
VO0001,512,8998866200219,3
VO0001,513,8992772586023,39
VO0001,513,8992772586030,15
VO0001,513,8992772586016,6
VO0001,513,8991102900591,2
VO0001,513,8997035601222,20
VO0001,514,8997028440012,6
VO0001,514,8999510800113,25
VO0001,514,8886057883665,1
VO0001,514,8992772555012,6
VO0001,515,8992772485029,5
VO0001,515,8992772485036,2
VO0001,515,8992772485012,10
VO0001,516,8995227502043,8
VO0001,516,8995227502128,17
VO0001,516,8995227502029,10
VO0001,516,8995227502036,21
VO0001,516,8992772585026,1
VO0001,516,8992772125024,9
VO0001,516,8999988888972,1
VO0001,517,8997035601017,10
VO0001,517,8997035563414,4
VO0001,517,8997035601383,13
VO0001,517,8997009781110,3
VO0001,517,8997009781493,6
VO0001,518,8997035563544,21
VO0001,518,8997212800035,8
VO0001,519,8997035563414,20
VO0001,519,8992761122485,18
VO0001,519,8998866610377,29
VO0001,520,8992775709146,20
VO0001,520,8992775709108,9
VO0001,520,8992775709085,5
VO0001,521,8997035600324,6
VO0001,521,8997009781400,4
VO0001,521,8992752112310,1
VO0001,521,8992752112013,7
VO0001,521,8992752112211,4
VO0001,521,8992752112211,4
VO0001,521,8992752112518,5
VO0001,522,8997035111110,11
VO0001,522,8996006822314,6
VO0001,522,8996006133014,3
VO0001,522,8992761111014,3
VO0001,522,8992761111038,3
VO0001,522,8992761111045,5
VO0001,522,8801097134737,3
VO0001,522,8996006853127,1
VO0001,523,8992761002015,25
VO0001,523,8992761002022,10
VO0001,523,8992761002039,17
VO0001,524,8993200664771,41
VO0001,524,8993200664740,28
VO0001,524,8993200664733,9
VO0001,524,8993200664740,6
VO0001,524,8993200664726,21
VO0001,525,8995181603435,20
VO0001,525,8995181603411,17
VO0001,525,8995181603428,24
VO0001,525,089686128048,6
VO0001,525,089686821086,25
VO0001,526,8992388133529,22
VO0001,526,8992761136031,1
VO0001,526,8992761136055,2
VO0001,526,8996006856715,22
VO0001,527,8999510785212,4
VO0001,527,8997218380128,24
VO0001,527,8997218380074,2
VO0001,527,8997218380135,16
VO0001,527,8992388133017,14
VO0001,527,8992388133345,13
VO0001,528,8997009780236,9
VO0001,528,8997009781134,11
VO0001,528,8997009780243,9
VO0001,529,8997009781196,11
VO0001,529,8992918401500,11
VO0001,529,8992761166038,9
VO0001,530,8997009780243,6
VO0001,530,8850389108048,16
VO0001,530,8850389108055,16
VO0001,530,8850389108048,1
VO0001,530,8850389108062,7
VO0001,531,8992933712117,3
VO0001,531,8992933711110,11
VO0001,531,8992726892514,9
VO0001,531,8992726892491,2
VO0001,531,8992726892484,27
VO0001,532,089686870015,24
VO0001,532,8996006856203,37
VO0001,532,8996006856180,13
VO0001,533,8992388101023,22
VO0001,533,8992388133277,5
VO0001,533,8992388101016,2
VO0001,533,8992388101054,10
VO0001,534,8992761166205,26
VO0001,534,8992761166052,17
VO0001,535,8992761122331,5
VO0001,535,8992761122430,14
VO0001,535,8992761122348,11
VO0001,535,8992761122317,20
VO0001,535,8992761122324,8
VO0001,536,8998866500708,8
VO0001,536,8998866201827,8
VO0001,536,8996001600146,7
VO0001,536,8996001600504,6
VO0001,536,8991102228640,12
VO0001,537,8992388133017,20
VO0001,537,8992388133345,12
VO0001,537,8996006855145,44
VO0001,538,8996006856906,29
VO0001,538,8996006742025,20
VO0001,538,8996006742032,16
VO0001,538,8996006853462,26
VO0001,538,8996006841018,11
VO0001,539,8996006120014,1
VO0001,539,8996006856869,7
VO0001,539,8996006142511,22
VO0001,539,8996006856197,24
VO0001,539,8996006320117,39
VO0001,540,8998009040306,7
VO0001,540,8998009040023,4
VO0001,540,8996006855879,22
VO0001,540,8996006855886,21
VO0001,541,8997212800028,9
VO0001,541,8991102228053,4
VO0001,541,8997212800011,1
VO0001,541,8996001600498,4
VO0001,541,8996001600252,12
VO0001,541,8996001600191,5
VO0001,541,8992775712603,27
VO0001,542,8991002122017,10
VO0001,542,8991002122000,2
VO0001,542,8998866201841,8
VO0001,542,8996001600641,23
VO0001,542,8996001600610,5
VO0001,542,8991002125001,7
VO0001,543,8996006856203,28
VO0001,543,8996006855541,24
VO0001,543,8996006853394,28
VO0001,543,8996006856203,1
VO0001,544,8992696522251,14
VO0001,544,9556001054005,16
VO0001,544,9556001051509,4
VO0001,544,9556001174659,4
VO0001,545,9556001047175,9
VO0001,545,9556001025272,13
VO0001,545,9556001054005,36
VO0001,545,9556001051509,13
VO0001,545,9556001174659,10
VO0001,546,8992696425316,4
VO0001,546,8992696428812,6
VO0001,546,8992696419742,3
VO0001,546,8992696422650,2
VO0001,547,8992696425316,4
VO0001,547,8992696428812,6
VO0001,548,8991002121003,15
VO0001,548,8991002121010,16
VO0001,548,8991002121065,10
VO0001,548,8991002121058,20
VO0001,549,8996006853387,19
VO0001,549,8996006853400,33
VO0001,549,8996006857255,32
VO0001,550,749921005908,8
VO0001,550,749921005410,9
VO0001,550,749921005311,7
VO0001,551,749921006523,25
VO0001,551,749921006127,1
VO0001,551,749921006127,27
VO0001,551,749921006103,11
VO0001,551,749921010735,7
VO0001,552,749921011206,2
VO0001,552,749921010339,17
VO0001,552,8998866200134,13
VO0001,552,8998866200158,5
VO0001,552,8998866200110,4
VO0001,552,8998866200127,3
VO0001,552,8998866200103,2
VO0001,552,8998866200103,12
VO0001,553,8992933232110,1
VO0001,553,8992933233117,1
VO0001,553,8992933236118,2
VO0001,554,8992933259117,5
VO0001,554,8992933257113,11
VO0001,554,8992933251111,4
VO0001,554,8992933252118,1
VO0001,554,8998866200523,3
VO0001,554,8998866200530,10
VO0001,554,8998866200547,12
VO0001,555,8993500019127,5
VO0001,555,8993500019912,18
VO0001,555,8993500019844,10
VO0001,555,8993500019875,11
VO0001,555,8993500013446,8
VO0001,555,8993500019974,8
VO0001,555,8993500019103,7
VO0001,555,8993500013439,4
VO0001,555,8993500013453,4
VO0001,556,019962175305,59
VO0001,557,8997231820014,43
VO0001,558,749921000040,2
VO0001,558,749921000019,8
VO0001,558,749921000057,20
VO0001,559,711844154568,13
VO0001,559,8998888112415,10
VO0001,559,8998888172112,5
VO0001,559,8993162116219,2
VO0001,559,749921000057,4
VO0001,560,8998888110213,5
VO0001,560,8998888110817,8
VO0001,560,8998888174314,4
VO0001,560,089686834109,17
VO0001,560,089686834253,18
VO0001,560,089686834055,9
VO0001,561,8993500060006,16
VO0001,561,8993500060020,13
VO0001,561,8993500060013,6
VO0001,561,8995227500261,34
VO0001,562,8995227500124,53
VO0001,563,8995227500278,20
VO0001,563,8995227500247,20
VO0001,563,8995227500292,10
VO0001,563,8995227500254,10
VO0001,563,8995227500308,18
VO0001,563,8995227502074,18
VO0001,563,8995227501039,20
VO0001,563,8995227500230,9
VO0001,564,8996001600504,24
VO0001,564,8996001600498,10
VO0001,564,8996001600498,1
VO0001,564,8996001600146,31
VO0001,564,8996001600252,21
VO0001,565,8996001600382,10
VO0001,565,8996001600207,4
VO0001,565,8996001600191,52
VO0001,566,8992696418950,7
VO0001,566,8992696422391,6
VO0001,566,8992696520561,13
VO0001,567,8992696520561,9
VO0001,567,8992696520561,1
VO0001,567,8992696520585,1
VO0001,567,8992696520561,3
VO0001,567,8992696520608,9
VO0001,567,8992696520622,8
VO0001,568,8992696521407,12
VO0001,568,8992696521421,11
VO0001,568,8992696521483,1
VO0001,569,8992696521483,1
VO0001,569,8992696521506,3
VO0001,569,8992696424777,1
VO0001,570,8992696424777,5
VO0001,570,8999099920691,5
VO0001,571,8999099919947,5
VO0001,571,8999099919633,7
VO0001,571,8999099920509,8
VO0001,571,8999099920585,11
VO0001,571,8999099920981,10
VO0001,571,8999099920998,7
VO0001,571,8999099923739,5
VO0001,572,8999099919657,5
VO0001,572,8999099920509,1
VO0001,572,8999099919640,4
VO0001,572,8999099919596,5
VO0001,572,8999099919602,7
VO0001,572,8999099920462,2
VO0001,572,8999099920547,11
VO0001,573,8999099920684,12
VO0001,573,8999099920707,8
VO0001,573,8999099920721,8
VO0001,573,8999099920745,8
VO0001,573,8999099920769,6
VO0001,574,8999099923548,7
VO0001,574,8999099919619,7
VO0001,574,8999099920691,7
VO0001,574,8999099920752,7
VO0001,574,8999099920752,3
VO0001,575,8999099920486,7
VO0001,575,8999099920561,9
VO0001,575,8999099920738,6
VO0001,575,8999099920752,10
VO0001,576,8992753721139,3
VO0001,576,8992753984503,8
VO0001,576,8992753980505,1
VO0001,577,8992753282500,5
VO0001,577,8992753281503,5
VO0001,577,8992753881505,5
VO0001,577,8992753882502,2
VO0001,577,8992753883509,3
VO0001,578,8992753281503,17
VO0001,578,8992753984701,5
VO0001,578,8992753980703,1
VO0001,579,8992753282708,12
VO0001,579,8992753282708,1
VO0001,579,8992753281701,3
VO0001,580,8992753883707,1
VO0001,580,8992753282708,1
VO0001,580,8992753281701,1
VO0001,580,8992753881703,2
VO0001,580,8992753882700,11
VO0001,581,8992696405561,6
VO0001,581,8992696428935,9
VO0001,582,8992696405578,12
VO0001,582,8992696407671,3
VO0001,582,8992696407039,11
VO0001,583,8992696427280,4
VO0001,583,8992696427303,3
VO0001,583,8992696427327,4
VO0001,588,8992696405585,3
VO0001,588,8992696407053,6
VO0001,588,8992696415034,5
VO0001,588,8992696407701,4
VO0001,588,8992696407619,8
VO0001,588,8992696415072,1
VO0001,584,8992696405585,4
VO0001,584,8992696407688,2
VO0001,584,8992696415034,1
VO0001,584,8992696407053,5
VO0001,584,8992696407701,6
VO0001,585,8992696407824,2
VO0001,586,8992696407695,3
VO0001,586,8992696407596,11
VO0001,586,8992696407725,10
VO0001,586,8992696407824,1
VO0001,587,8992696427341,1
VO0001,587,8992696427341,1
VO0001,587,8992696427341,4
VO0001,587,8992696415034,1
VO0001,587,8992696427204,1
VO0001,587,8992696427358,1
VO0001,587,8992696427358,4
VO0001,587,8992696427372,3
VO0001,589,8992696407619,1
VO0001,589,8992696410312,3
VO0001,589,8992696415072,1
VO0001,590,4800361347594,6
VO0001,590,8992696423930,13
VO0001,591,4800361347570,5
VO0001,591,4800361347617,8
VO0001,591,8992696426948,6
VO0001,591,8992696520929,9
VO0001,591,4800361347778,2
VO0001,591,8992696426986,3
VO0001,592,8992696521520,4
VO0001,594,4800361347815,2
VO0001,594,4800361347655,2
VO0001,594,8992696426962,2
VO0001,594,8992696520905,4
VO0001,595,4800361347815,4
VO0001,595,4800361347655,4
VO0001,596,8992802120012,8
VO0001,596,8992802140041,6
VO0001,597,8992802180160,3
VO0001,597,8992802140041,7
VO0001,597,8992802140058,8
VO0001,597,8992802140096,2
VO0001,598,8992802180047,4
VO0001,598,8992802180146,1
VO0001,598,8992802180153,1
VO0001,598,8992802180160,2
VO0001,598,8992802180153,2
VO0001,599,8992802002059,1
VO0001,599,8992802002028,3
VO0001,599,8992802002011,7
VO0001,599,8992802002035,5
VO0001,599,8992753120802,4
VO0001,600,8992696426962,1
VO0001,600,8992696520905,4
VO0001,600,8992696427006,2
VO0001,601,8992696405479,3
VO0001,601,8992696405233,16
VO0001,601,8992696520127,7
VO0001,602,8992696405486,8
VO0001,602,8992696405431,5
VO0001,602,8992696405240,5
VO0001,603,8992696405257,19
VO0001,604,8992696405493,18
VO0001,605,8992696428577,18
VO0001,605,8992696520103,10
VO0001,606,9415007003588,8
VO0001,606,8992702006539,7
VO0001,607,9415007006473,18
VO0001,607,8992702006331,10
VO0001,608,9415007007296,9
VO0001,608,8992753152308,15
VO0001,609,8992702006133,11
VO0001,609,8998777140260,6
VO0001,609,8998777140314,6
VO0001,610,8998777140321,3
VO0001,610,8998777140277,7
VO0001,611,8992702006553,12
VO0001,611,8992702006362,4
VO0001,611,8992753120802,5
VO0001,611,8992753152803,10
VO0001,612,749921030474,1
VO0001,612,749921030412,7
VO0001,612,749921000569,16
VO0001,613,749921030023,11
VO0001,613,749921000651,17
VO0001,614,749921000675,10
VO0001,614,749921000682,6
VO0001,614,749921030306,10
VO0001,615,749921030054,3
VO0001,615,749921000644,12
VO0001,616,749921030559,9
VO0001,616,749921030047,9
VO0001,617,749921030108,5
VO0001,617,749921000712,5
VO0001,617,749921000705,10
VO0001,618,089686542530,2
VO0001,618,089686542738,6
VO0001,618,089686530421,1
VO0001,618,089686542233,5
VO0001,618,089686542431,3
VO0001,618,089686530551,5
VO0001,618,089686700015,5
VO0001,618,089686700114,4
VO0001,618,089686535341,2
VO0001,618,089686536256,1
VO0001,619,8992802512022,9
VO0001,619,8992802512015,9
VO0001,619,8992802512039,6
VO0001,619,8992802512053,7
VO0001,619,8992802512107,9
VO0001,619,8992802512138,7
VO0001,619,8992802512114,5
VO0001,620,8992802512121,6
VO0001,620,089686530025,6
VO0001,620,089686530124,3
VO0001,620,089686542936,6
VO0001,620,089686530223,4
VO0001,620,089686530322,3
VO0001,620,089686530421,5
VO0001,621,089686648218,5
VO0001,621,089686537734,2
VO0001,621,089686537437,2
VO0001,621,089686537635,1
VO0001,622,089686535143,8
VO0001,622,089686535440,7
VO0001,622,089686535242,4
VO0001,622,089686535044,7
VO0001,622,089686536256,6
VO0001,623,089686535259,6
VO0001,623,896865350516,14
VO0001,623,896865351506,12
VO0001,623,089686546019,21
VO0001,624,089686646061,12
VO0001,624,089686646047,4
VO0001,624,089686570113,5
VO0001,624,089686570212,4
VO0001,624,089686570014,1
VO0001,624,089686648065,13
VO0001,624,089686535006,12
VO0001,625,9556001975904,8
VO0001,625,9556001978400,11
VO0001,625,9556001040398,5
VO0001,625,9556001132376,1
VO0001,625,9556001120229,8
VO0001,626,9556001975904,10
VO0001,626,9556001978400,17
VO0001,626,9556001040398,13
VO0001,626,9556001120229,5
VO0001,627,9556001975904,6
VO0001,927,8992696521995,20
VO0001,628,9556001131867,9
VO0001,628,9556001132376,13
VO0001,628,9556001132178,17
VO0001,628,9556001131959,7
VO0001,629,9556001131867,7
VO0001,629,9556001131973,8
VO0001,629,9556001131959,10
VO0001,630,8992696408746,13
VO0001,630,8992696408722,11
VO0001,630,8992696522336,4
VO0001,631,8997001781453,5
VO0001,631,8997001780272,3
VO0001,631,8997001780746,4
VO0001,631,8997001780296,3
VO0001,631,8997001780753,11
VO0001,631,8997001781606,7
VO0001,631,8997001781552,2
VO0001,631,8997001781569,6
VO0001,631,8997001780746,1
VO0001,632,9556001233929,4
VO0001,632,9556001233875,7
VO0001,632,9556001256126,25
VO0001,632,9556001256072,4
VO0001,633,9556001233929,3
VO0001,633,8992802516099,6
VO0001,633,8992802516051,9
VO0001,633,8992802516075,4
VO0001,633,8992802516044,3
VO0001,633,213331402389,4
VO0001,634,8992802315074,2
VO0001,634,8992802315128,14
VO0001,634,8992802315081,8
VO0001,634,8992802315135,11
VO0001,634,8992802315067,6
VO0001,635,8992802312516,7
VO0001,635,8992802312523,9
VO0001,635,8992802307512,20
VO0001,635,8992802220088,10
VO0001,636,8992802240185,5
VO0001,636,8992802220071,3
VO0001,636,8992802220064,3
VO0001,636,8992802220057,10
VO0001,637,9415007013297,8
VO0001,637,9415007027942,8
VO0001,637,9415007022633,6
VO0001,637,8999099922626,5
VO0001,637,9415007032601,6
VO0001,637,5711953096655,1
VO0001,638,749921009128,2
VO0001,638,749921009623,7
VO0001,638,749921009142,6
VO0001,638,749921009159,4
VO0001,639,749921009135,13
VO0001,639,749921009258,6
VO0001,639,749921009661,8
VO0001,640,749921009319,33
VO0001,641,8992802618014,19
VO0001,641,8992802618717,12
VO0001,641,8992802618700,16
VO0001,642,8992802660020,25
VO0001,642,8992802660037,10
VO0001,642,8992802660013,8
VO0001,643,9415007009801,17
VO0001,643,9415007008033,17
VO0001,643,9415007004455,14
VO0001,644,9415007009818,12
VO0001,644,9415007008040,8
VO0001,644,9415007006824,7
VO0001,645,9415007018452,4
VO0001,645,9415007026334,8
VO0001,645,9415007006329,6
VO0001,646,9415007018452,5
VO0001,646,9415007026334,9
VO0001,646,9415007006329,5
VO0001,647,9415007018469,9
VO0001,647,9415007018452,1
VO0001,647,9415007026341,6
VO0001,647,9415007009146,6
VO0001,648,9415007026341,4
VO0001,648,9415007009146,5
VO0001,648,9415007018469,3
VO0001,648,9415007026365,7
VO0001,649,749921030184,27
VO0001,649,749921030368,12
VO0001,649,749921030115,9
VO0001,650,749921000408,1
VO0001,650,749921004000,2
VO0001,650,749921000439,5
VO0001,650,749921000422,3
VO0001,651,749921004000,2
VO0001,651,749921000439,5
VO0001,651,749921000422,9
VO0001,651,749921000514,9
VO0001,652,749921000446,2
VO0001,652,749921000415,2
VO0001,652,749921000460,3
VO0001,652,749921000392,11
VO0001,652,749921000385,4
VO0001,653,749921000446,4
VO0001,653,749921000415,2
VO0001,653,749921000460,5
VO0001,653,749921000392,6
VO0001,653,749921000385,3
VO0001,654,749921000446,3
VO0001,654,749921000415,5
VO0001,654,749921000460,1
VO0001,654,749921002129,8
VO0001,657,749921000699,5
VO0001,654,749921000385,3
VO0001,654,749921000392,2
VO0001,655,8992802618731,5
VO0001,655,8992802618786,5
VO0001,655,8992802618748,12
VO0001,655,8992802618823,1
VO0001,655,8992802260077,4
VO0001,656,749921000316,6
VO0001,656,749921110015,1
VO0001,656,749921001122,13
VO0001,656,749921001047,25
VO0001,656,749921020536,2
VO0001,657,749921001641,2
VO0001,657,749921001535,6
VO0001,657,749921001658,3
VO0001,657,749921020383,3
VO0001,657,749921020314,4
VO0001,658,749921005144,5
VO0001,658,749921005137,6
VO0001,658,749921050199,8
VO0001,658,749921005106,10
VO0001,658,749921005304,8
VO0001,658,749921005175,4
VO0001,659,8992802637039,1
VO0001,659,8992802618823,6
VO0001,659,749921020383,8
VO0001,660,749921020635,4
VO0001,660,749921001122,19
VO0001,660,749921001047,22
VO0001,660,749921000835,26
VO0001,660,749921001146,19
VO0001,660,749921020451,14
VO0001,661,749921000323,30
VO0001,661,749921020567,4
VO0001,661,749921002228,1
VO0001,661,749921020659,7
VO0001,662,749921001016,21
VO0001,661,749921020413,9
VO0001,662,749921005540,15
VO0001,663,749921001023,4
VO0001,663,749921000828,3
VO0001,663,749921020611,21
VO0001,664,749921005540,12
VO0001,664,749921001023,8
VO0001,664,749921000859,5
VO0001,664,749921000828,13
VO0001,664,749921004024,5
VO0001,665,8992696409026,35
VO0001,666,8992696420915,28
VO0001,666,8992696430266,6
VO0001,667,8992696410275,5
VO0001,668,8992696427990,19
VO0001,669,8992696420472,2
VO0001,669,8992696420458,9
VO0001,670,9556001008633,23
VO0001,670,9556182914723,4
VO0001,671,8992696520363,1
VO0001,671,9556182914723,9
VO0001,672,8992696410275,2
VO0001,672,8997024120048,3
VO0001,673,749921030474,8
VO0001,674,8992696521797,1
VO0001,675,4800361000239,1
VO0001,675,4800361005500,1
VO0001,675,8992696405448,2
VO0001,675,8992696405257,3
VO0001,676,8992696421585,1
VO0001,676,8992696426481,7
VO0001,676,8992696420915,2
VO0001,676,8992696420458,1
VO0001,677,8992696521629,2
VO0001,677,8992696521643,4
VO0001,677,8992696430266,7
VO0001,677,9556001051509,5
VO0001,677,9556001174659,2
VO0001,677,9556001047175,3
VO0001,677,9556001025272,1
VO0001,678,95502489,33
VO0001,678,9556001670700,3
VO0001,678,9556001051509,6
VO0001,678,9556001174659,3
VO0001,678,9556001054005,4
VO0001,679,8992696426962,1
VO0001,679,8992696520905,1
VO0001,679,8992696430396,1
VO0001,679,8992696427006,1
VO0001,679,9556001131867,2
VO0001,679,9556001132376,2
VO0001,680,8992696521407,1
VO0001,680,8992696424777,1
VO0001,680,8992696405585,1
VO0001,680,8992696405585,1
VO0001,680,8992696407053,1
VO0001,681,8936036021790,5
VO0001,681,8990333811317,1
VO0001,681,8993175534079,6
VO0001,681,8888166607156,8
VO0001,681,7622210288189,8
VO0001,682,8997011481398,7
VO0001,682,8997002052675,20
VO0001,682,8997002053870,10
VO0001,682,8936036021837,5
VO0001,683,8936036021783,8
VO0001,683,8997002056673,11
VO0001,683,8997002052231,6
VO0001,684,8888166994218,11
VO0001,684,8888166994232,14
VO0001,684,8992942120125,42
VO0001,684,8992942120101,27
VO0001,685,8997002052491,30
VO0001,685,8997002053900,13
VO0001,686,8991102300421,28
VO0001,686,8991102303309,23
VO0001,686,8991102300544,13
VO0001,686,8888166842878,1
VO0001,687,8999918300154,17
VO0001,687,8992775001783,3
VO0001,687,8999918585186,9
VO0001,688,8992775315057,31
VO0001,688,8992775305102,45
VO0001,689,8888166360068,13
VO0001,689,8996001302323,31
VO0001,689,8996001302637,2
VO0001,689,8996001302026,14
VO0001,690,8888166991484,8
VO0001,690,8888166991491,14
VO0001,690,8888166996083,13
VO0001,690,8996001302354,11
VO0001,691,8996001304013,8
VO0001,691,8996001304037,13
VO0001,691,8996001304020,19
VO0001,691,8888166991002,3
VO0001,692,8991001780492,18
VO0001,692,8991001770301,9
VO0001,692,8991001770486,21
VO0001,692,8991001780072,24
VO0001,692,8991001780065,11
VO0001,693,8999918999372,16
VO0001,693,8991001780225,5
VO0001,693,8991001780232,13
VO0001,693,8991001780096,14
VO0001,694,8888166606227,8
VO0001,694,8719200171404,1
VO0001,694,8992839300029,3
VO0001,694,A81261,12
VO0001,695,8888166994409,3
VO0001,695,8996001304426,18
VO0001,695,8996001304433,35
VO0001,695,8996001304044,27
VO0001,696,8996001312353,11
VO0001,696,8996001304990,27
VO0001,696,8996001302248,11
VO0001,696,8888166606890,36
VO0001,696,8888166603462,7
VO0001,697,8888166992566,11
VO0001,697,8888166995475,11
VO0001,697,8888166992559,9
VO0001,697,8997016420033,3
VO0001,697,8996001302347,5
VO0001,698,8888166336513,7
VO0001,698,8991001780133,7
VO0001,698,8991001780430,9
VO0001,698,8993175538947,17
VO0001,698,8991001780010,30
VO0001,699,8995077603815,71
VO0001,699,8995077604805,24
VO0001,700,8995077603808,26
VO0001,700,8995077602733,48
VO0001,700,8995077602740,49
VO0001,701,8991001770219,18
VO0001,701,8991001770011,9
VO0001,701,8991102384841,2
VO0001,701,8991102387286,8
VO0001,701,8991102387262,49
VO0001,702,8888166336612,28
VO0001,702,8888166339941,7
VO0001,702,8888166336605,6
VO0001,702,8888166337305,13
VO0001,703,8888166605350,28
VO0001,703,8888166994768,55
VO0001,703,8996001301142,8
VO0001,704,7622210288189,20
VO0001,704,9300650025219,22
VO0001,704,9300650025172,21
VO0001,704,8997016420019,1
VO0001,705,4893049130007,6
VO0001,705,7622300136055,65
VO0001,705,7622300442507,23
VO0001,706,8992760121090,2
VO0001,706,7622210708434,25
VO0001,706,8992760223015,22
VO0001,707,7622210462534,20
VO0001,707,7622300761363,12
VO0001,707,7622300761349,5
VO0001,708,8888166989474,34
VO0001,708,8996196228507,1
VO0001,708,8888166330306,6
VO0001,708,8992760121083,56
VO0001,709,8993175547208,11
VO0001,709,8993175537346,4
VO0001,709,8993175546362,34
VO0001,709,8993175533836,28
VO0001,709,8993175532464,25
VO0001,710,7622210609397,2
VO0001,710,7622210609359,22
VO0001,710,8992716108878,27
VO0001,710,8992716109554,29
VO0001,711,8992716108816,29
VO0001,711,8992716109561,17
VO0001,712,4893049120046,31
VO0001,712,4893049120008,35
VO0001,712,8992760211029,8
VO0001,712,7622210828163,9
VO0001,713,8999918182095,9
VO0001,713,8999918182118,10
VO0001,713,8999918182125,10
VO0001,714,8993175537872,83
VO0001,714,8993175538633,4
VO0001,714,8993175545945,20
VO0001,715,8993175539821,16
VO0001,715,8888166991125,24
VO0001,715,8888166993167,18
VO0001,715,8996001312353,21
VO0001,716,7622210476043,15
VO0001,716,7622210476067,28
VO0001,716,8936036021820,6
VO0001,716,8995077605628,9
VO0001,717,8994755030240,14
VO0001,717,8994755030479,12
VO0001,717,8886015203115,20
VO0001,717,8886015201111,10
VO0001,718,8994755030240,40
VO0001,718,8994755030479,12
VO0001,718,8886015201111,11
VO0001,719,8994755030516,74
VO0001,719,8994755030325,67
VO0001,719,8996001312353,8
VO0001,720,8888166993150,21
VO0001,720,8996001305041,25
VO0001,721,8999918182125,13
VO0001,721,8999918182095,12
VO0001,721,8991001780119,20
VO0001,721,8991001780218,7
VO0001,722,8995077605642,13
VO0001,722,8995077605659,25
VO0001,722,8993175538572,3
VO0001,722,8991102993333,1
VO0001,723,8994755030813,21
VO0001,723,8994755030806,22
VO0001,723,8994755010310,11
VO0001,724,8994755030813,32
VO0001,724,8994755030806,39
VO0001,724,8994755010310,12
VO0001,725,8888166993433,16
VO0001,725,8992942120347,25
VO0001,725,8992942120408,8
VO0001,725,8992942120316,24
VO0001,725,8992942120101,5
VO0001,726,8997032711115,23
VO0001,726,8997032711122,23
VO0001,726,8992839003104,23
VO0001,726,8992839007676,11
VO0001,727,8991102750851,16
VO0001,727,8888166222090,14
VO0001,727,8888166607866,20
VO0001,727,8888266222075,17
VO0001,728,8993175538596,4
VO0001,728,8991002502864,9
VO0001,728,8991002502628,24
VO0001,728,8991002502871,21
VO0001,729,8886015428136,21
VO0001,729,8991001781420,4
VO0001,729,8992839002220,12
VO0001,729,8888166606227,7
VO0001,729,8991002505049,12
VO0001,730,8886015427139,47
VO0001,730,749921040213,21
VO0001,730,8886001026056,16
VO0001,730,8996001356340,25
VO0001,730,8999918181685,1
VO0001,731,8992942120187,9
VO0001,731,8888166607156,8
VO0001,731,8992839002022,24
VO0001,731,8888166604025,15
VO0001,732,8992839300012,2
VO0001,732,8992839300029,1
VO0001,732,8992839003463,7
VO0001,732,8888166222090,20
VO0001,732,8888166998667,11
VO0001,732,8888166604001,10
VO0001,732,8888166603790,10
VO0001,733,8888166607866,3
VO0001,733,8888166603653,14
VO0001,733,8888166603660,11
VO0001,733,8888166604391,5
VO0001,733,8888166331952,17
VO0001,734,8991002504943,19
VO0001,734,8991002504936,43
VO0001,735,8991002505025,13
VO0001,735,4711036050223,5
VO0001,735,4711036019428,4
VO0001,735,4711036016748,8
VO0001,736,8888166321106,20
VO0001,736,4711036008583,8
VO0001,736,8999918451351,12
VO0001,736,8999918585193,10
VO0001,737,8992839003463,29
VO0001,737,8992839300029,10
VO0001,737,8888166336568,24
VO0001,738,8888166603790,6
VO0001,738,8888166603769,2
VO0001,738,8992839300012,7
VO0001,738,8999918180787,7
VO0001,738,8999918441239,10
VO0001,739,8888166604162,16
VO0001,739,8888166990937,3
VO0001,739,8888166338425,8
VO0001,739,8888166337923,10
VO0001,739,8888166989399,9
VO0001,740,8999918451412,11
VO0001,740,8999918451429,11
VO0001,740,8999918181685,33
VO0001,741,4711036011361,3
VO0001,740,8888166990937,1
VO0001,741,4711036011378,7
VO0001,741,4711036011392,14
VO0001,742,8999918585223,12
VO0001,742,8999918451382,15
VO0001,742,8999918451375,24
VO0001,742,8999918451436,17
VO0001,743,8999918383188,33
VO0001,743,8999918443509,26
VO0001,744,8999918451016,27
VO0001,744,8999918181982,12
VO0001,744,8999918181883,15
VO0001,745,8888166603400,7
VO0001,745,8992839007577,15
VO0001,745,8992839007478,7
VO0001,745,8888166604407,7
VO0001,SJ,A79845,10
VO0001,SJ,A49462,24
VO0001,SJ,A57756,5
VO0001,SJ,A49462,24
VO0001,SJ,B736771,2
VO0001,SJ,B736768,2
VO0001,SJ,B736783,2
VO0001,SJ,A736763,2
VO0001,SJ,B736770,2
VO0001,SJ,B736769,2
VO0001,SJ,B736782,2
VO0001,SJ,B736767,2
VO0001,S,A14188,25
VO0001,SJ,A736432,2
VO0001,SJ,A7581,50
VO0001,SJ,A69406,2
VO0001,SJ,A79605,1
VO0001,SJ,A23343,2
VO0001,SJ,A49899,1
VO0001,SJ,A1124,1
VO0001,SJ,A71351,3
VO0001,SJ,A7581,1
VO0001,SJ,A67349,1
VO0001,SJ,A87668,2
VO0001,SJ,A74550,1
VO0001,SJ,A80748,2
VO0001,SJ,A1384,1
VO0001,SJ,A82411,1
VO0001,SJ,A56148,2
VO0001,SJ,B87350,2
VO0001,SJ,B38362,8
VO0001,SJ,B43153,4
VO0001,SJ,B86950,4
VO0001,SJ,B49209,4
VO0001,SJ,B0591,8
VO0001,SJ,B6375,1
VO0001,SJ,B735646,2
VO0001,SJ,B735647,2
VO0001,SJ,B735088,8
VO0001,SJ,B735670,8
VO0001,SJ,B69406,2
VO0001,SJ,A69406,2
VO0001,SJ,A60182,3
VO0001,SJ,A37651,1
VO0001,SJ,A76898,3
VO0001,SJ,A71351,150
VO0001,SJ,A52987,80
VO0001,SJ,A2232,50
VO0001,SJ,A1629,4
VO0001,SJ,A37149,8
VO0001,SJ,B54064,5
VO0001,SJ,B86504,8
VO0001,SJ,B54064,3
VO0001,SJ,B79577,1
VO0001,SJ,B80348,6
VO0001,SJ,A21994,3
VO0001,SJ,A1384,3
VO0001,SJ,A736514,10
VO0001,SJ,A736514,90
VO0001,SJ,A736529,2
VO0001,SJ,A736536,1
VO0001,SJ,B736781,1
VO0001,SJ,B38050,9
VO0001,SJ,A17516,1
VO0001,SJ,A65859,1
VO0001,SJ,A75117,1
VO0001,SJ,A734748,1
VO0001,S,A734133,1
VO0001,SJ,A93463,10636
VO0001,SJ,A93463,164
VO0001,1015,F89399,43042
VO0001,1015,F11693,12590
VO0001,1015,F87544,14000
VO0001,1015,F735469,7000
VO0001,991,8999999548605,70
VO0001,991,8999999034610,2
VO0001,991,8999999047207,58
VO0001,991,8999999294038,12
VO0001,991,8999999047191,47
VO0001,991,8999999547295,30
VO0001,991,8999999294021,49
VO0001,991,8999999045555,44
VO0001,991,8999999005689,30
VO0001,991,8999999516802,3
VO0001,991,8999999282196,48
VO0001,991,8999999275440,1
VO0001,991,8999999282202,72
VO0001,991,8999999550745,14
VO0001,991,8999999042264,2
VO0001,991,8999999042257,8
VO0001,991,8999999042271,8
VO0001,991,8999999035631,2
VO0001,991,8999999540357,40
VO0001,992,8998866820134,9
VO0001,992,8998866820103,12
VO0001,992,8998866820325,16
VO0001,992,8998866820363,6
VO0001,992,8998866820349,17
VO0001,992,8998866820301,5
VO0001,992,8998866820011,69
VO0001,992,8998866820004,26
VO0001,992,8998866820370,8
VO0001,992,8998866820387,17
VO0001,992,8998866820318,25
VO0001,992,8998866820158,32
VO0001,992,8998866820165,9
VO0001,992,8998866820400,45
VO0001,992,8998866820462,1
VO0001,940,8886467100055,2
VO0001,940,8992997125717,2
VO0001,940,8992726939509,10
VO0001,941,8693029203952,6
VO0001,941,8693029203969,12
VO0001,942,8693029604674,10
VO0001,942,8693029700734,5
VO0001,944,8693029203952,10
VO0001,944,8992942220009,8
VO0001,944,6920919000431,2
VO0001,944,8693029203969,10
VO0001,944,8992942358627,2
VO0001,998,8993496106504,172
VO0001,997,8992826111072,99
VO0001,996,8993496001076,66
VO0001,996,8993496106863,1
VO0001,995,8998225800043,16
VO0001,995,8997225470003,15
VO0001,995,8997005870023,16
VO0001,995,8995228202379,29
VO0001,994,8997009537038,7
VO0001,994,A732230,5
VO0001,994,A732229,7
VO0001,994,8997009537083,10
VO0001,994,8997009537014,5
VO0001,994,8997009537007,9
VO0001,994,8997009537021,10
VO0001,994,8997009537069,3
VO0001,993,8992907150044,3
VO0001,993,8992907952631,4
VO0001,993,8992907110017,8
VO0001,993,8992907720018,1
VO0001,990,7499221145110,21
VO0001,990,7499221195153,24
VO0001,989,7499221113119,4
VO0001,989,7499221153177,9
VO0001,989,7499221113126,21
VO0001,988,7499221164210,6
VO0001,988,7499221163190,2
VO0001,988,7499221133162,21
VO0001,987,7499221113119,22
VO0001,987,7499221113126,34
VO0001,987,7499221164210,14
VO0001,987,7499221163183,4
VO0001,987,7499221133155,13
VO0001,987,7499221133162,2
VO0001,985,A86124,6
VO0001,985,A86123,22
VO0001,984,A86124,27
VO0001,983,A86126,15
VO0001,982,A86124,31
VO0001,978,A733329,12
VO0001,977,A736820,5
VO0001,977,A733329,10
VO0001,972,4800361347655,6
VO0001,972,8992696430396,12
VO0001,1000,A81067,96
VO0001,243,4902430610520,7
VO0001,243,4902430610582,10
VO0001,244,4902430610490,6
VO0001,244,4902430610544,3
VO0001,244,4902430610599,2
VO0001,244,4902430635417,2
VO0001,245,4902430610544,3
VO0001,245,4902430610599,3
VO0001,245,4902430635417,5
VO0001,246,4902430610612,6
VO0001,246,4902430635424,3
VO0001,247,4902430610568,5
VO0001,247,4902430610346,3
VO0001,248,8993189272127,6
VO0001,248,4902430611046,3
VO0001,248,4902430610483,1
VO0001,248,4902430610520,2
VO0001,248,4902430611046,3
VO0001,249,4902430610834,5
VO0001,249,4902430610490,3
VO0001,250,4902430610834,1
VO0001,250,4902430610490,4
VO0001,250,8993189270826,1
VO0001,251,4902430610612,5
VO0001,251,4902430635424,1
VO0001,252,4902430605144,2
VO0001,252,4902430613262,2
VO0001,253,8992959953198,6
VO0001,253,8992959954058,5
VO0001,254,8993189271762,16
VO0001,254,8993189270802,17
VO0001,254,8993189270826,2
VO0001,255,8993189271854,18
VO0001,255,8993189271007,6
VO0001,256,8997029800129,2
VO0001,256,8851111400584,5
VO0001,257,8993189329548,6
VO0001,257,8993189329562,3
VO0001,258,8992959953174,4
VO0001,258,8992959953181,4
VO0001,259,8992959953099,15
VO0001,260,8992959954041,11
VO0001,260,8992959953143,1
VO0001,261,8992959953143,4
VO0001,261,8992959953150,1
VO0001,261,8992959953389,6
VO0001,262,8858947823334,1
VO0001,262,8997001063115,1
VO0001,262,8997029800136,5
VO0001,262,8997001061241,2
VO0001,262,8997029800129,5
VO0001,262,8993189272684,5
VO0001,263,8997001061210,16
VO0001,263,8997001061319,17
VO0001,264,8997001061111,12
VO0001,264,8997001061012,12
VO0001,264,8997001063061,4
VO0001,265,8997001061128,10
VO0001,265,8997001061227,5
VO0001,265,8997001061029,2
VO0001,266,8997001061227,5
VO0001,266,8997001061326,6
VO0001,267,8997012690119,1
VO0001,267,8997012691000,2
VO0001,267,8997001061142,4
VO0001,267,8997001061241,4
VO0001,268,8992959508893,5
VO0001,268,8997012690119,2
VO0001,268,8992959508879,1
VO0001,268,8997029808040,1
VO0001,269,8992959508879,7
VO0001,269,8992959508886,1
VO0001,269,8992959508879,3
VO0001,269,8992959508831,4
VO0001,269,4800060333102,1
VO0001,270,8992959508831,9
VO0001,271,8992959508848,9
VO0001,272,9556848127863,2
VO0001,272,8992959508848,5
VO0001,272,8997029808040,7
VO0001,272,8992959508848,5
VO0001,272,8998866500944,2
VO0001,272,8997029800129,1
VO0001,273,8992727005432,1
VO0001,273,8992727005395,8
VO0001,273,8992727005357,3
VO0001,273,8992727005326,6
VO0001,274,8992727005333,3
VO0001,274,8992727005364,3
VO0001,274,8992727005401,1
VO0001,274,8992727005449,3
VO0001,275,8992727005418,1
VO0001,275,8992727005333,2
VO0001,275,8992727005401,2
VO0001,275,8992727005449,1
VO0001,276,8992727005418,2
VO0001,276,8992727005371,1
VO0001,276,8992727005449,2
VO0001,277,8992727005371,5
VO0001,277,8992727006118,2
VO0001,277,8997029808040,1
VO0001,278,6903244323208,2
VO0001,278,9556848127863,1
VO0001,278,8997012691185,1
VO0001,278,8998866606479,3
VO0001,278,8998866606493,4
VO0001,278,8998866606486,3
VO0001,278,8998866500487,1
VO0001,279,8997029808019,5
VO0001,280,8997029808033,4
VO0001,280,8998866500487,2
VO0001,280,8998866500470,2
VO0001,281,8994878000021,5
VO0001,281,8994878000021,5
VO0001,281,8998866606516,6
VO0001,282,8997029808026,10
VO0001,282,8998866606523,3
VO0001,282,8998866606516,3
VO0001,283,8998990212171,13
VO0001,283,9555019801212,1
VO0001,283,9555019801113,1
VO0001,283,6903244323208,1
VO0001,284,8998990212188,2
VO0001,284,9556848127863,4
VO0001,285,8998990212164,4
VO0001,285,6903244612104,5
VO0001,286,8998990212164,4
VO0001,286,9556848127863,2
VO0001,286,6903244323208,1
VO0001,286,6903244612104,1
VO0001,286,6903244323208,2
VO0001,287,8998990212171,4
VO0001,287,8997001068905,7
VO0001,288,8993189320293,11
VO0001,289,8993189272554,5
VO0001,290,8993189320309,7
VO0001,291,8993189272455,1
VO0001,291,8993189322495,8
VO0001,291,8993189272462,2
VO0001,292,8993189272462,4
VO0001,292,8993189272479,4
VO0001,293,4902430044257,5
VO0001,293,8850007331353,21
VO0001,293,8850007331469,8
VO0001,293,8850007331490,17
VO0001,297,8992959507247,3
VO0001,294,8992959114810,26
VO0001,294,8992959117569,17
VO0001,295,8992812807095,8
VO0001,295,4800060333102,17
VO0001,295,4800060331603,25
VO0001,295,4800060331009,13
VO0001,295,8888336027654,3
VO0001,295,8888336027661,4
VO0001,294,8992959117583,8
VO0001,296,8992812805114,47
VO0001,297,8888336026282,7
VO0001,297,8888336027678,11
VO0001,297,8888336026299,8
VO0001,297,8888336019611,9
VO0001,297,8888336019710,4
VO0001,297,B82128,13
VO0001,297,8992727003353,12
VO0001,297,8992727002998,6
VO0001,297,8992727004084,46
VO0001,298,8998866602273,26
VO0001,298,8998866500135,18
VO0001,298,8998866500128,23
VO0001,299,8992727003001,42
VO0001,299,8998866602280,9
VO0001,299,8992959117583,15
VO0001,300,8992727004534,6
VO0001,300,8998866602297,2
VO0001,300,8888336026442,11
VO0001,300,8888336012087,7
VO0001,300,8992812807095,17
VO0001,300,8998866602655,3
VO0001,301,8992812805121,8
VO0001,301,8992812805138,18
VO0001,302,8998866500050,4
VO0001,302,8998866575010,24
VO0001,303,8851818537309,15
VO0001,303,6908594414026,9
VO0001,304,8992727006217,11
VO0001,304,8992727006200,14
VO0001,305,8992727004084,36
VO0001,305,8992727004541,5
VO0001,305,8992727004060,12
VO0001,305,8992727005098,4
VO0001,306,8992727003353,12
VO0001,306,8992727002998,22
VO0001,306,8992727000055,20
VO0001,307,8992727002981,18
VO0001,307,8992727002974,2
VO0001,307,8992727003360,21
VO0001,308,8992727001076,6
VO0001,308,8992727001748,9
VO0001,308,8992727000376,20
VO0001,308,8992727001731,6
VO0001,308,6908594419021,1
VO0001,309,8851818097803,11
VO0001,309,8992727002387,12
VO0001,310,8992727003087,26
VO0001,310,8851818936805,15
VO0001,311,8992727003094,6
VO0001,311,8851818936812,16
VO0001,312,8992727003094,10
VO0001,312,8851818936812,20
VO0001,313,8992771013827,13
VO0001,313,4902508038027,6
VO0001,313,4902508038065,4
VO0001,313,8997050802475,7
VO0001,313,8997050801256,10
VO0001,313,8991003060363,13
VO0001,313,8991003060684,2
VO0001,313,8997050802468,5
VO0001,314,8991003060202,2
VO0001,314,8991003060776,5
VO0001,314,8992771001015,8
VO0001,314,8992771001022,6
VO0001,314,8992771001039,5
VO0001,314,8991003060769,6
VO0001,314,8991003060219,9
VO0001,314,8998103101217,4
VO0001,314,8992771009134,2
VO0001,314,8998103101224,2
VO0001,314,8991003060110,8
VO0001,314,8991003060011,15
VO0001,314,B41169,5
VO0001,315,8997217180064,30
VO0001,315,8991003065061,20
VO0001,315,8998103010267,18
VO0001,315,8997217180040,30
VO0001,315,8991003065054,12
VO0001,315,8991003065122,12
VO0001,316,8992911051238,38
VO0001,316,8992911010471,30
VO0001,316,8992911011232,35
VO0001,316,8992911011331,41
VO0001,317,8995179100724,12
VO0001,317,8991003065023,9
VO0001,317,8992911120613,7
VO0001,317,8992911011256,16
VO0001,317,8992911050637,56
VO0001,318,8998183102142,4
VO0001,318,8998183102128,10
VO0001,318,8992694233500,2
VO0001,318,8999999552503,3
VO0001,318,8998103010762,4
VO0001,318,8993082261518,13
VO0001,318,8997050802451,11
VO0001,319,8999999525583,32
VO0001,319,8992911010471,36
VO0001,319,8992745326304,4
VO0001,319,8998103013404,2
VO0001,319,8992873150505,1
VO0001,320,8993417229817,5
VO0001,320,8993417229718,21
VO0001,320,8993417227714,3
VO0001,320,8998103010762,3
VO0001,320,8999999557355,5
VO0001,321,8993417115219,8
VO0001,321,8993417115226,4
VO0001,321,8993417115240,5
VO0001,321,8993417115257,10
VO0001,321,8993417117237,7
VO0001,321,8993417117220,2
VO0001,321,8993417117213,11
VO0001,321,8998866608503,19
VO0001,321,8998866608534,16
VO0001,321,8998866608527,1
VO0001,321,8998866608503,17
VO0001,321,8998866104159,7
VO0001,321,8998866105118,6
VO0001,321,8992856899926,9
VO0001,322,8993417212277,8
VO0001,322,8993417212215,9
VO0001,322,8993417212222,9
VO0001,322,8993417212239,8
VO0001,323,8993417212246,16
VO0001,322,8993417212253,11
VO0001,322,8993417212260,11
VO0001,322,8993417113215,8
VO0001,322,8993417112294,7
VO0001,322,8993417112270,9
VO0001,322,8993417112232,7
VO0001,322,8993417214226,13
VO0001,322,8993417214219,11
VO0001,322,8993417214233,10
VO0001,323,8993417372223,7
VO0001,323,8993417372216,8
VO0001,323,8993417372230,4
VO0001,323,8993417372124,19
VO0001,323,8993417372117,6
VO0001,323,8993417172144,13
VO0001,323,8993417172120,6
VO0001,323,8993417172229,8
VO0001,323,8993417172212,8
VO0001,323,8993417172236,12
VO0001,323,8993417172243,12
VO0001,323,8993417312243,3
VO0001,323,8993417312267,9
VO0001,323,8993417312229,11
VO0001,323,8993417312212,6
VO0001,323,8993417312250,6
VO0001,323,8993417372131,6
VO0001,324,8992856898172,11
VO0001,324,8992856898189,5
VO0001,324,8992856898165,3
VO0001,324,8993417412110,12
VO0001,324,8993417412257,2
VO0001,321,8993417412233,8
VO0001,324,8993417412226,8
VO0001,324,8993417412264,10
VO0001,324,8993417412240,11
VO0001,324,8993417412219,10
VO0001,324,8993417402265,4
VO0001,324,8993417402272,7
VO0001,324,8993417402241,7
VO0001,324,8993417402210,10
VO0001,324,8993417402227,11
VO0001,324,8992856898172,2
VO0001,325,8998163102135,49
VO0001,325,8998183102111,61
VO0001,625,8998183102142,48
VO0001,325,899183102128,10
VO0001,326,8999999504953,7
VO0001,326,8999999048709,1
VO0001,326,8999999539603,4
VO0001,326,8888103208026,6
VO0001,326,8998103013404,2
VO0001,326,8998103012643,6
VO0001,1,D12169,16
VO0001,1,D41783,7
VO0001,1,D14492,18
VO0001,1,D37629,56
VO0001,1,D77236,12
VO0001,1,D80128,360
VO0001,1,D12771,1500
VO0001,1,D94264,3
VO0001,1,D89504,3
VO0001,2,D77235,48
VO0001,2,D16393,3
VO0001,2,D12183,7
VO0001,2,D12883,78
VO0001,2,D13594,20
VO0001,2,D79365,6
VO0001,2,D12769,51
VO0001,2,D12199,22
VO0001,2,D12922,27
VO0001,2,D82035,34
VO0001,2,D12201,5
VO0001,2,D77193,35
VO0001,2,D77126,1
VO0001,2,D9845,6
VO0001,2,D9845,6
VO0001,2,D12180,69
VO0001,2,B91274,25
VO0001,3,D10644,64
VO0001,3,D3290,13
VO0001,3,D12156,18
VO0001,3,D18969,40
VO0001,3,D6996,7
VO0001,3,D12864,164
VO0001,3,D77179,11
VO0001,3,D85119,2
VO0001,3,D92015,12
VO0001,3,D15588,112
VO0001,3,D7815,27
VO0001,3,D12163,65
VO0001,3,D9742,15
VO0001,3,D12198,8
VO0001,3,D12197,146
VO0001,3,D12196,142
VO0001,3,D14465,23
VO0001,4,D84593,510
VO0001,4,D12157,108
VO0001,4,D14529,168
VO0001,4,D14496,151
VO0001,4,D87068,27
VO0001,4,D10987,15
VO0001,4,D27026,18
VO0001,4,D12199,27
VO0001,4,D12922,27
VO0001,4,D84591,71
VO0001,4,D84590,121
VO0001,4,D84903,1
VO0001,4,D84589,21
VO0001,4,D84588,22
VO0001,4,D84592,79
VO0001,5,D3069,27
VO0001,5,D94973,40
VO0001,5,D3258,23
VO0001,5,D12711,18
VO0001,5,D84587,28
VO0001,5,D12725,62
VO0001,6,D18850,20
VO0001,6,D18084,42
VO0001,6,D27028,76
VO0001,6,D90384,10
VO0001,6,D90385,2
VO0001,7,D4717,7
VO0001,7,D12840,70
VO0001,7,D77216,165
VO0001,8,D13054,41
VO0001,8,D12932,39
VO0001,8,D93599,42
VO0001,8,D77132,137
VO0001,8,D6980,27
VO0001,8,D12177,20
VO0001,8,D12188,7
VO0001,8,D38075,10
VO0001,8,D12194,10
VO0001,8,D38074,5
VO0001,8,D12189,46
VO0001,8,D3132,538
VO0001,8,D94968,1
VO0001,9,D12246,13
VO0001,9,D8485,14
VO0001,9,D10885,25
VO0001,9,D9686,7
VO0001,9,D736731,8
VO0001,9,D13085,17
VO0001,9,D4708,40
VO0001,9,D11219,15
VO0001,9,D84979,36
VO0001,9,D96195,241
VO0001,9,D82035,30
VO0001,9,D27191,60
VO0001,9,D93350,36
VO0001,12,D38073,11
VO0001,12,D12774,73
VO0001,12,D88776,100
VO0001,12,D88777,130
VO0001,12,D77221,20
VO0001,12,D92013,410
VO0001,12,D13040,13
VO0001,12,D17597,42
VO0001,13,D27027,12
VO0001,13,D77242,2
VO0001,13,D12825,22
VO0001,13,D9939,12
VO0001,13,D3038,18
VO0001,13,D12247,29
VO0001,13,D9953,29
VO0001,13,D77230,2
VO0001,13,D12822,8
VO0001,13,D14433,3
VO0001,13,D94988,12
VO0001,15,D732319,41
VO0001,15,D14517,60
VO0001,15,D84556,267
VO0001,15,D14814,240
VO0001,15,D94982,300
VO0001,16,D84129,1030
VO0001,16,D88310,190
VO0001,16,D88312,33
VO0001,16,D77207,50
VO0001,16,D77209,4
VO0001,16,D734334,1
VO0001,16,D12179,110
VO0001,16,D12253,171
VO0001,16,D12252,146
VO0001,16,D12838,81
VO0001,16,D89180,22
VO0001,16,D80678,10
VO0001,16,D77226,2
VO0001,16,D84136,12
VO0001,16,D84134,60
VO0001,16,D94969,25
VO0001,16,D11421,5