VO0006,87,A82458,24
VO0006,87,8997018380113,18
VO0006,87,A69406,100
VO0006,87,A36727,20
VO0006,87,A85908,20
VO0006,87,a37358,20
VO0006,87,A81261,40
VO0006,88,A76213,20
VO0006,88,8996001301142,224
VO0006,88,8995077601231,14
VO0006,88,089686040166,120
VO0006,88,8995077602658,20
VO0006,88,8995077601439,20
VO0006,88,8995077605628,24
VO0006,88,8995077605253,144
VO0006,88,8994093103071,14
VO0006,88,8995077601323,10
VO0006,88,8995077602696,10
VO0006,88,8995077605482,20
VO0006,88,8995077600166,60
VO0006,88,8995077600135,20
VO0006,88,8995077602788,40
VO0006,88,8995077602412,40
VO0006,88,8995077600197,20
VO0006,88,8995077601323,10
VO0006,88,8995077601514,10
VO0006,88,8995077600807,10
VO0006,88,8995077602498,10
VO0006,88,8995077601972,10
VO0006,88,8995077602405,10
VO0006,1,A1417,200
VO0006,1,A1418,440
VO0006,1,A1421,320
VO0006,2,8998866200301,2000
VO0006,4,8994093103040,34
VO0006,4,A88231,10
VO0006,4,A69947,30
VO0006,7,A82116,50
VO0006,7,A89531,16
VO0006,10,A37149,150
VO0006,5,8997035601222,24
VO0006,5,8992761166038,12
VO0006,5,8992761166052,36
VO0006,5,8992761166205,36
VO0006,5,8992761122430,24
VO0006,8,8410179200835,12
VO0006,8,8992918165020,12
VO0006,8,8992918165013,36
VO0006,8,8997009781110,132
VO0006,11,8997035600324,18
VO0006,11,8997035601383,24
VO0006,11,8997035601017,72
VO0006,6,8992761122348,48
VO0006,6,8992761122331,24
VO0006,6,8992761122324,24
VO0006,6,8992761122317,36
VO0006,9,A732157,6
VO0006,9,8998866610377,12
VO0006,9,8998866201827,12
VO0006,9,8992752112013,12
VO0006,9,8998866610087,12
VO0006,12,8997035563544,72
VO0006,12,8997035111110,24
VO0006,12,8997035563414,24
VO0006,12,8997035563414,96
VO0006,89,770099199922,36
VO0006,89,8998866200301,800
VO0006,89,8998866200325,160
VO0006,89,4923125560043,120
VO0006,89,8992628034159,216
VO0006,89,8992628010139,12
VO0006,89,8992946121012,60
VO0006,89,8992628022156,96
VO0006,89,8993379500221,96
VO0006,89,8993496001076,120
VO0006,89,8993379500122,156
VO0006,90,8993379500238,192
VO0006,90,8993496105019,336
VO0006,90,8998866501026,12
VO0006,90,8993018110101,24
VO0006,90,8993018519003,66
VO0006,90,8993018116004,48
VO0006,90,8993018113102,48
VO0006,90,8993496106504,84
VO0006,90,8993018110514,4
VO0006,90,8993093664704,72
VO0006,90,8993496107051,12
VO0006,90,8993496106504,96
VO0006,90,8993496001083,144
VO0006,91,8997019490019,10
VO0006,91,8995102704111,24
VO0006,91,8993296101112,72
VO0006,91,8993296201119,72
VO0006,91,8993093665091,120
VO0006,91,A1792,60
VO0006,91,A4666,140
VO0006,91,A4627,80
VO0006,18,8999999501990,48
VO0006,18,8999999538132,12
VO0006,18,8999999195656,144
VO0006,18,8992936661610,24
VO0006,18,8992936661870,24
VO0006,19,8994286130570,60
VO0006,19,8994286130587,75
VO0006,19,8886007811113,20
VO0006,19,8886007811410,40
VO0006,19,8992797450118,24
VO0006,20,8886007811076,20
VO0006,20,8886007811502,10
VO0006,20,8886007811533,30
VO0006,20,8886007811052,50
VO0006,20,8886007811045,40
VO0006,20,7499221163190,24
VO0006,20,7499221153177,48
VO0006,20,7499221133162,24
VO0006,20,7499221163183,24
VO0006,20,7499221123132,48
VO0006,21,8993351124018,48
VO0006,21,8993351124216,96
VO0006,21,8993351124100,120
VO0006,21,8993351124001,72
VO0006,21,8993351124209,144
VO0006,22,8990588685886,24
VO0006,22,811108858512,14
VO0006,22,8990588685855,24
VO0006,22,8993351127309,36
VO0006,22,8993351128306,36
VO0006,22,8993351121307,24
VO0006,22,8993351129617,48
VO0006,13,8719200170995,60
VO0006,17,8719200171404,48
VO0006,17,8850389108048,24
VO0006,17,8850389108062,24
VO0006,17,8995227502043,18
VO0006,17,8995227502036,24
VO0006,17,8995227501015,24
VO0006,17,8992772485036,24
VO0006,17,8992772485012,24
VO0006,17,8991102228640,24
VO0006,17,8996006853462,24
VO0006,17,8996006133014,24
VO0006,16,8998009020186,192
VO0006,16,8996006856869,24
VO0006,16,8996006856869,24
VO0006,16,8996006856197,48
VO0006,16,8996006320117,48
VO0006,16,8992388134427,12
VO0006,16,8991002122017,12
VO0006,16,8991002125001,12
VO0006,16,8991002122000,12
VO0006,15,8997005130288,60
VO0006,15,8994286120045,30
VO0006,15,8992936214014,10
VO0006,15,8992936214014,10
VO0006,15,8992936224006,20
VO0006,15,8886007811083,25
VO0006,15,8886007811038,40
VO0006,15,8992829888827,12
VO0006,15,8992936120902,30
VO0006,15,8992936254126,10
VO0006,15,711844162426,24
VO0006,15,711844162402,48
VO0006,14,8993191785622,48
VO0006,14,8992797730135,24
VO0006,14,8992797110036,24
VO0006,14,8992797260106,38
VO0006,13,8992936115069,38
VO0006,13,8992709811242,30
VO0006,13,8997002054730,48
VO0006,13,8992997590539,12
VO0006,13,8992997201831,20
VO0006,13,8995154802278,12
VO0006,13,8995154802032,12
VO0006,13,8995154802025,12
VO0006,13,8995154800021,12
VO0006,13,8995154800083,12
VO0006,37,8992702000018,288
VO0006,37,711844120075,24
VO0006,37,711844120075,24
VO0006,37,711844115033,12
VO0006,36,8995899110119,80
VO0006,36,8992717781001,18
VO0006,36,8992717783616,12
VO0006,36,8993007000086,60
VO0006,36,8993007000680,84
VO0006,35B,8995899250440,60
VO0006,35B,8995899210215,96
VO0006,35B,8993007000109,120
VO0006,35B,8993007000062,30
VO0006,35B,8992702006362,2
VO0006,35B,8992702006171,4
VO0006,35B,8993007001700,80
VO0006,35,8992702005945,24
VO0006,35,8992702005921,384
VO0006,35,8996001304433,72
VO0006,35,8996001304426,24
VO0006,35,8996001304013,20
VO0006,35,8996001304020,20
VO0006,35,8996001304037,20
VO0006,34,8996001302347,40
VO0006,34,8886001012233,40
VO0006,34,8996196303907,30
VO0006,34,8993039242522,12
VO0006,34,8993039111255,48
VO0006,34,8993039112504,48
VO0006,34,8993039112511,48
VO0006,33,8993175538596,90
VO0006,33,8993175538947,24
VO0006,33,8993175538572,72
VO0006,33,8993175539821,24
VO0006,33,8993175537285,48
VO0006,33,8996001370063,36
VO0006,43,8999178840230,16
VO0006,43,8999178840339,16
VO0006,43,8997004301283,40
VO0006,43,8991002501232,24
VO0006,43,8991002501928,24
VO0006,43,8997004301146,48
VO0006,43,8997004301184,48
VO0006,48,8993004787485,24
VO0006,48,8997004302440,24
VO0006,48,8992741941365,24
VO0006,48,8992741941341,24
VO0006,48,8996001320051,48
VO0006,48,8996001320136,24
VO0006,48,8992942358580,25
VO0006,48,8991115500016,14
VO0006,48,8992942119198,14
VO0006,48,8991115004019,27
VO0006,48,8991115000080,10
VO0006,48,8996001326275,12
VO0006,48,8996001326220,12
VO0006,48,8990800004563,20
VO0006,48,8990800020013,20
VO0006,38,8996001302323,60
VO0006,38,8996001302026,90
VO0006,38,8888166991491,48
VO0006,38,8888166336605,24
VO0006,38,8888166337305,24
VO0006,38,8888166993167,24
VO0006,38,8888166994768,120
VO0006,38,8888166331952,20
VO0006,38,8888166993433,60
VO0006,39,8996001302248,40
VO0006,39,8996001305041,28
VO0006,39,8996001312353,24
VO0006,39,8997032711122,48
VO0006,39,8888166336568,90
VO0006,40,9555401203686,72
VO0006,40,711844120310,21
VO0006,40,711844130050,12
VO0006,40,7118441101378,36
VO0006,40,8998008153021,24
VO0006,40,8998008153014,48
VO0006,40,8996001302354,60
VO0006,41,8997216390020,240
VO0006,41,8993226112508,120
VO0006,41,8991045124559,40
VO0006,41,8991045125655,20
VO0006,41,8993226125003,100
VO0006,41,8993111112507,240
VO0006,41,8993111115003,80
VO0006,41,8999999100506,168
VO0006,41,8999999012625,24
VO0006,41,8999999514006,48
VO0006,41,8999999002503,72
VO0006,41,711844120310,24
VO0006,41,711844140219,24
VO0006,42,711844330016,24
VO0006,42,711844330146,48
VO0006,42,711844330108,52
VO0006,42,711844330115,12
VO0006,42,711844110021,12
VO0006,42,711844130128,24
VO0006,42,711844120099,24
VO0006,42,711844130012,24
VO0006,42,711844130111,48
VO0006,42,711844120150,24
VO0006,42,711844120013,24
VO0006,42,711844140127,24
VO0006,42,711844140059,48
VO0006,42,711844115033,24
VO0006,42,711844120440,24
VO0006,42,711844120419,24
VO0006,42,711844120037,36
VO0006,42,711844120082,36
VO0006,42,711844120082,192
VO0006,49,8996001326275,24
VO0006,49,8996001326220,24
VO0006,49,8886001100855,36
VO0006,49,8997878332833,30
VO0006,49,8997878332826,60
VO0006,49,8997878332321,20
VO0006,49,8997878003153,40
VO0006,50,8997009070351,30
VO0006,50,8997009070566,20
VO0006,50,8997009070177,20
VO0006,50,8997009070047,30
VO0006,50,8997878332697,20
VO0006,50,8992952122508,20
VO0006,50,8991102991063,24
VO0006,50,8991102281430,24
VO0006,50,8991102283373,72
VO0006,50,8991102283380,24
VO0006,50,8991102230308,72
VO0006,50,8991102213189,24
VO0006,50,8992717102509,20
VO0006,50,8992717880186,20
VO0006,50,8992717781025,1656
VO0006,51,A74570,72
VO0006,51,8998009050053,120
VO0006,51,8998009011702,96
VO0006,51,8998009010231,216
VO0006,52,8998009010613,180
VO0006,52,8992726965362,12
VO0006,52,8992726895096,72
VO0006,52,8992726965898,12
VO0006,52,8992726938298,72
VO0006,52,8992726938199,24
VO0006,52,8992726939028,36
VO0006,47,A74569,696
VO0006,47,8998009011207,36
VO0006,47,8998009010620,96
VO0006,46,8998009010576,168
VO0006,46,8998009010224,168
VO0006,46,8998009010552,648
VO0006,45,8998009010910,80
VO0006,45,8998009010927,80
VO0006,45,8998009011740,48
VO0006,45,8998009010569,432
VO0006,44,8992696416611,72
VO0006,44,6917541772447,40
VO0006,44,8992696418967,24
VO0006,44,8992696415324,24
VO0006,44,8992696422513,48
VO0006,44,8992696421646,48
VO0006,44,8994170110008,20
VO0006,44,8992696418912,24
VO0006,35B,8995899250341,24
VO0006,157,B40179,1
VO0006,157,B40179,1
VO0006,157,B44142,1
VO0006,157,B59133,1
VO0006,157,B63773,1
VO0006,157,B66205,1
VO0006,157,B69655,1
VO0006,157,B82142,2
VO0006,157,B82143,8
VO0006,157,B82364,8
VO0006,157,B82364,1
VO0006,157,B91050,3
VO0006,157,B91231,2
VO0006,157,B15043,1
VO0006,157,B15044,2
VO0006,157,B15760,4
VO0006,157,B25791,1
VO0006,157,B30406,1
VO0006,157,B32298,65
VO0006,157,B5164,12
VO0006,157,B5752,1
VO0006,157,B81334,12
VO0006,157,B84349,4
VO0006,157,B94618,3
VO0006,157,B94714,2
VO0006,157,C53669,12
VO0006,157,C75836,9
VO0006,157,B23938,1
VO0006,157,B27609,2
VO0006,157,B46807,3
VO0006,157,B46808,1
VO0006,157,B47159,2
VO0006,157,B47488,2
VO0006,157,B48797,2
VO0006,157,B48805,2
VO0006,157,B5895,7
VO0006,157,B83188,1
VO0006,157,B83189,2
VO0006,157,B84194,1
VO0006,157,B84195,3
VO0006,157,B84200,4
VO0006,157,B91012,1
VO0006,157,B92857,2
VO0006,157,B95511,1
VO0006,157,B0606,1
VO0006,157,B80661,28
VO0006,157,B86452,2
VO0006,157,B87623,17
VO0006,158,B45069,4
VO0006,158,B47211,1
VO0006,158,B47336,7
VO0006,158,B5540,1
VO0006,158,B47336,7
VO0006,158,B53957,2
VO0006,158,B0514,4
VO0006,158,B0739,3
VO0006,158,B23463,1
VO0006,158,B23748,1
VO0006,158,B25891,1
VO0006,158,B26212,1
VO0006,158,B39823,1
VO0006,158,B39971,3
VO0006,158,B43241,1
VO0006,158,B43867,3
VO0006,158,B43868,1
VO0006,158,B50293,1
VO0006,158,B54870,3
VO0006,158,B57728,3
VO0006,158,B58318,1
VO0006,158,B68161,1
VO0006,158,B71576,1
VO0006,158,B73185,1
VO0006,158,B71576,1
VO0006,158,B732026,9
VO0006,158,B735233,1
VO0006,158,B78520,1
VO0006,158,B79975,1
VO0006,158,B80003,1
VO0006,158,B81417,4
VO0006,158,B85673,2
VO0006,158,B88051,6
VO0006,158,B88502,3
VO0006,158,B90260,19
VO0006,158,B91390,1
VO0006,158,B92698,6
VO0006,158,B92700,2
VO0006,158,B44255,1
VO0006,158,B48744,1
VO0006,158,B46514,1
VO0006,158,B65450,1
VO0006,158,B736553,2
VO0006,158,B63657,8
VO0006,158,B0864,1
VO0006,158,B68940,1
VO0006,158,B735010,1
VO0006,158,B735455,1
VO0006,158,B89634,1
VO0006,158,B65182,2
VO0006,158,B64898,3
VO0006,158,B75974,1
VO0006,158,B78896,1
VO0006,158,B87150,5
VO0006,158,B92874,2
VO0006,158,B93051,1
VO0006,158,B94427,19
VO0006,159,B0253,1
VO0006,159,B28516,1
VO0006,159,B42031,1
VO0006,159,B44793,1
VO0006,159,B46503,1
VO0006,159,B46504,1
VO0006,159,B47569,1
VO0006,159,B67951,1
VO0006,159,B69515,1
VO0006,159,B78578,1
VO0006,159,B92275,1
VO0006,159,B94505,1
VO0006,159,C88145,1
VO0006,158,C88762,1
VO0006,159,B54870,8
VO0006,159,B73185,2
VO0006,159,B81417,6
VO0006,159,B82145,13
VO0006,159,B93468,5
VO0006,159,B93469,2
VO0006,159,B31724,1
VO0006,159,B6580,1
VO0006,159,B6690,1
VO0006,159,B36676,2
VO0006,159,B39720,7
VO0006,159,B23995,1
VO0006,159,B95511,1
VO0006,159,B52297,2
VO0006,159,B47514,2
VO0006,159,B95510,3
VO0006,159,B57321,3
VO0006,159,B5219,3
VO0006,159,B47515,3
VO0006,159,B47512,3
VO0006,159,B47507,3
VO0006,159,B43922,4
VO0006,159,B47503,7
VO0006,159,B49043,11
VO0006,159,B84874,9
VO0006,159,B87374,3
VO0006,159,B87375,3
VO0006,159,B92461,6
VO0006,159,B92462,2
VO0006,159,B92596,4
VO0006,159,B22787,2
VO0006,159,B23610,1
VO0006,159,B26415,1
VO0006,159,B41847,6
VO0006,159,B43691,3
VO0006,159,B82539,1
VO0006,159,B88828,2
VO0006,99,8991038110354,60
VO0006,99,8991038110514,60
VO0006,99,8991038111757,60
VO0006,100,8991038773573,24
VO0006,100,8991038773351,24
VO0006,100,8990090990409,12
VO0006,100,8993072142049,12
VO0006,100,8993072680152,16
VO0006,100,8993072122034,12
VO0006,100,8387873120151,12
VO0006,100,8387873120120,12
VO0006,100,8387873140111,12
VO0006,101,8000101190114,36
VO0006,101,8000101190121,36
VO0006,101,8993072142025,12
VO0006,101,8000101190152,36
VO0006,101,8000101190145,24
VO0006,101,8000101190138,48
VO0006,101,8000101190145,60
VO0006,102,8992803993240,48
VO0006,102,8992803993233,72
VO0006,102,8992803993264,48
VO0006,103,8997001068905,6
VO0006,103,8994878000069,6
VO0006,102,8992803993257,108
VO0006,103,8994878000021,6
VO0006,104,8992727006545,24
VO0006,104,8992727000314,12
VO0006,104,8992727001489,12
VO0006,104,8992727006187,12
VO0006,104,8992727003889,12
VO0006,104,8992727007047,12
VO0006,104,8992727002554,12
VO0006,104,8992727001700,12
VO0006,104,8992727002882,12
VO0006,104,8992727006538,24
VO0006,104,8992727004114,24
VO0006,104,8992727002066,12
VO0006,104,8992727006170,12
VO0006,104,8992727007030,12
VO0006,104,8992727002875,6
VO0006,104,8992727001663,6
VO0006,104,8992727000550,6
VO0006,105,8992727004442,6
VO0006,105,8992727001700,6
VO0006,105,8992727001489,24
VO0006,105,8992727005289,12
VO0006,105,8992727005852,12
VO0006,105,8992727005883,12
VO0006,105,8992727005975,12
VO0006,105,8992727003070,12
VO0006,105,8992727007603,6
VO0006,105,8992727007597,6
VO0006,105,8992727003803,12
VO0006,106,8886030323805,24
VO0006,106,4710363035972,12
VO0006,106,8992727006910,12
VO0006,106,8992727006880,36
VO0006,106,4710363035996,12
VO0006,106,8992727005302,36
VO0006,106,8992727003803,72
VO0006,147,8991111153070,24
VO0006,47,8991111153148,12
VO0006,147,8991111153049,9
VO0006,147,8991111153117,3
VO0006,147,8991111152080,18
VO0006,147,8992725910424,18
VO0006,147,8992725910356,6
VO0006,147,8991111153056,6
VO0006,147,8997050801515,3
VO0006,147,8997050801508,3
VO0006,147,8992727005432,24
VO0006,148,8992772195096,18
VO0006,148,8992772198011,12
VO0006,148,8992772198059,12
VO0006,148,8992772193078,72
VO0006,148,8992772193047,156
VO0006,148,8992772193061,48
VO0006,148,8992772193054,60
VO0006,149,8992772198035,72
VO0006,149,8992772198059,72
VO0006,149,8992772198011,24
VO0006,149,8999999049447,48
VO0006,150,8997012691017,3
VO0006,150,8992928061435,12
VO0006,150,8992928201404,12
VO0006,150,8992928061008,12
VO0006,150,8992928200803,18
VO0006,150,8992928810804,6
VO0006,150,8992928060216,6
VO0006,150,8992928061428,18
VO0006,150,800142384392,12
VO0006,150,9556006283127,6
VO0006,150,800142384101,12
VO0006,150,8995179101219,54
VO0006,150,8992772613071,6
VO0006,150,8997021870250,2
VO0006,150,8997021870151,2
VO0006,150,8993176803105,18
VO0006,150,8993176720563,6
VO0006,150,8993176803099,60
VO0006,150,8993176110104,12
VO0006,150,8993176111415,12
VO0006,150,8997021871516,24
VO0006,150,8993176803099,12
VO0006,150,8993176111378,6
VO0006,150,8993176120028,24
VO0006,150,8992870310100,30
VO0006,150,8995179100106,30
VO0006,150,8995179100113,30
VO0006,150,8995179101042,12
VO0006,150,8995179101066,24
VO0006,150,8995179100182,18
VO0006,150,8995179100175,24
VO0006,150,8995179100090,24
VO0006,151,8999999407919,180
VO0006,151,8999999519001,12
VO0006,152,8992727005357,12
VO0006,152,8992727005456,4
VO0006,152,8997029808033,6
VO0006,152,8997029808019,6
VO0006,152,8993189272462,6
VO0006,152,8997001068004,12
VO0006,152,8997001061142,6
VO0006,153,8999777007591,12
VO0006,153,8999777011406,24
VO0006,153,8992871612326,12
VO0006,153,8992871614061,24
VO0006,153,8992911050637,24
VO0006,153,8991003065054,24
VO0006,153,8991003065122,24
VO0006,153,8991003065139,24
VO0006,153,8991003065061,24
VO0006,153,8991003065023,12
VO0006,153,6902395661139,24
VO0006,154,8992796011341,12
VO0006,154,8992796011303,24
VO0006,154,8999999530419,12
VO0006,154,8999999016128,60
VO0006,154,8999999526870,48
VO0006,155,8999999053031,24
VO0006,155,8999999525965,14
VO0006,155,8999999056841,17
VO0006,155,8999999525965,4
VO0006,155,8999999056919,7
VO0006,155,8999999056858,5
VO0006,155,8999999006006,12
VO0006,155,8999999045616,18
VO0006,155,8999999045623,18
VO0006,155,8999999551223,12
VO0006,155,8999999006006,60
VO0006,155,8999999041748,24
VO0006,156,8999999544423,12
VO0006,156,8999999524517,12
VO0006,156,8999999525842,12
VO0006,156,8999999553128,36
VO0006,156,8999999526887,36
VO0006,156,8999999553104,24
VO0006,156,8999999041755,18
VO0006,156,8999999006204,36
VO0006,156,8999999537197,24
VO0006,156,8999999520878,72
VO0006,156,8999999520885,24
VO0006,156,8992796011341,6
VO0006,156,8992796011204,12
VO0006,156,8999999406943,24
VO0006,156,8999999407858,48
VO0006,156,8999999406905,27
VO0006,156,8999999406899,36
VO0006,142,8992759612530,40
VO0006,142,8992931002050,12
VO0006,142,8992931005105,16
VO0006,142,8992931005013,12
VO0006,142,8993053111149,36
VO0006,143,8999999537159,9
VO0006,143,8999999048273,15
VO0006,143,8999999033187,11
VO0006,143,8999999033224,11
VO0006,143,8999999033170,12
VO0006,143,8999999033170,6
VO0006,143,8999999033132,18
VO0006,143,8999999529628,12
VO0006,143,8999999033163,12
VO0006,143,8999999033125,30
VO0006,143,8999999530280,12
VO0006,143,8999999027247,12
VO0006,143,8999999528881,18
VO0006,143,8999999024772,12
VO0006,143,8999999533366,12
VO0006,143,8999999534752,12
VO0006,143,8999999534752,12
VO0006,143,8999999707842,24
VO0006,143,8999999710873,24
VO0006,143,8993417105425,24
VO0006,143,8999999030186,12
VO0006,143,6920354815546,24
VO0006,143,6920354815560,24
VO0006,143,6920354815522,12
VO0006,144,8999999001049,48
VO0006,144,8999999001056,24
VO0006,144,8999999032760,36
VO0006,144,8999999528874,12
VO0006,144,8999999048198,18
VO0006,144,8999999048181,36
VO0006,144,8999999033149,18
VO0006,145,8999999045920,48
VO0006,145,8999999045920,12
VO0006,145,8999999053291,12
VO0006,145,8999999045937,192
VO0006,145,8999999059309,144
VO0006,145,8999999059316,144
VO0006,145,8999999515577,24
VO0006,145,8999999515621,12
VO0006,145,8999999515607,12
VO0006,146,8999999401245,60
VO0006,146,8999999518998,84
VO0006,146,8999999401221,12
VO0006,146,8999999558079,21
VO0006,146,8999999530402,36
VO0006,137,8993053121360,80
VO0006,137,8992759434026,24
VO0006,137,8993053141474,24
VO0006,137,8993053121018,40
VO0006,138,8992946526855,54
VO0006,138,8992946526862,54
VO0006,138,8992946526824,132
VO0006,138,8992946512285,72
VO0006,138,8992946512223,72
VO0006,138,8992946521416,120
VO0006,138,8992946521409,144
VO0006,139,8999999028701,96
VO0006,139,8999999037765,36
VO0006,139,8999999037765,36
VO0006,139,8999999706180,48
VO0006,139,8999999707835,48
VO0006,139,8999999706180,144
VO0006,139,8999999707842,48
VO0006,139,8999999707859,48
VO0006,140,8999999500399,144
VO0006,140,8999999500399,120
VO0006,140,8999999036607,120
VO0006,140,8999999552800,120
VO0006,140,8999999519100,32
VO0006,140,8999999560577,96
VO0006,140,8999999560584,72
VO0006,141,8999999401238,180
VO0006,141,8999999534400,12
VO0006,141,8999999045265,60
VO0006,150,8992928061350,24
VO0006,84,089686010046,2
VO0006,84,089686011036,24
VO0006,84,089686017748,2
VO0006,84,8992696426382,8
VO0006,84,A43411,1
VO0006,84,8993226125003,1
VO0006,84,A13072,1
VO0006,84,711844110113,4
VO0006,84,711844120105,3
VO0006,84,711844140059,4
VO0006,84,8996168442177,5
VO0006,84,711844120402,1
VO0006,84,8995077600258,1
VO0006,84,089686600544,1
VO0006,84,089686600308,1
VO0006,84,089686596779,2
VO0006,84,8995077601231,1
VO0006,84,089686598025,1
VO0006,84,089686598056,1
VO0006,84,089686611649,2
VO0006,84,8995077605482,11
VO0006,84,8993004785160,5
VO0006,84,8997016731863,10
VO0006,84,8997004302440,1
VO0006,84,8997004301184,1
VO0006,84,8999178770124,2
VO0006,84,749921020567,5
VO0006,84,8993351124216,5
VO0006,84,8993351124209,10
VO0006,84,8853333004953,10
VO0006,84,8992696521629,36
VO0006,84,8998866200219,1
VO0006,84,8997009781196,10
VO0006,84,8997009781202,11
VO0006,84,8992696522213,5
VO0006,84,749921040220,2
VO0006,84,8992696417922,1
VO0006,84,8995227500278,1
VO0006,84,8992702005921,7
VO0006,84,711844167001,7
VO0006,84,711844160118,2
VO0006,84,711844160057,2
VO0006,84,8993007000109,10
VO0006,84,8997009780359,1
VO0006,84,8992388101016,1
VO0006,84,8992388133277,1
VO0006,84,8998866610377,4
VO0006,84,8998866610087,1
VO0006,84,8992858527308,6
VO0006,84,8997009781134,4
VO0006,84,8997009781219,17
VO0006,84,8991102750851,20
VO0006,84,8991102380706,6
VO0006,84,8991102302609,2
VO0006,84,8991102300421,2
VO0006,84,8991102300544,2
VO0006,84,8991002113299,1
VO0006,84,8991002103344,3
VO0006,84,8991002501928,1
VO0006,84,8991002502659,27
VO0006,84,8997014020044,10
VO0006,84,9556378300712,1
VO0006,84,8996196065058,1
VO0006,84,8993004787485,4
VO0006,84,8996006855145,4
VO0006,84,8998777140352,1
VO0006,84,8998777140345,6
VO0006,84,8998777141663,2
VO0006,84,8998777140321,1
VO0006,84,8991102228640,1
VO0006,84,8991102228640,4
VO0006,84,8991102714495,3
VO0006,84,749921000040,1
VO0006,84,8996006742032,5
VO0006,84,8996006856715,1
VO0006,84,8996006855879,1
VO0006,84,8991102900591,11
VO0006,84,8992802140058,1
VO0006,84,8992753017171,6
VO0006,84,8992802140096,4
VO0006,84,8992802140058,1
VO0006,84,8992802512107,2
VO0006,84,8992802512015,2
VO0006,84,8992802512114,1
VO0006,84,8992802512121,1
VO0006,84,8996042873011,2
VO0006,84,8997001780753,6
VO0006,84,8992942307175,16
VO0006,84,8992942307175,28
VO0006,84,8992942119198,2
VO0006,84,8992726952126,18
VO0006,84,8992942220009,14
VO0006,84,8992942358627,32
VO0006,84,8992942153284,2
VO0006,84,8992942153284,10
VO0006,84,8996001338056,1
VO0006,83,8998866200981,1
VO0006,83,8998866201360,3
VO0006,83,8998866201704,9
VO0006,83,8998866201360,3
VO0006,83,4800361347655,14
VO0006,83,8993007000253,40
VO0006,83,8992388111237,40
VO0006,83,8998866200325,40
VO0006,83,8998866202343,1
VO0006,83,8998866201568,4
VO0006,83,9415007009818,1
VO0006,83,9415007008040,1
VO0006,83,9415007026334,4
VO0006,83,9415007009146,1
VO0006,83,9415007018469,2
VO0006,83,9415007001829,1
VO0006,83,9415007026365,2
VO0006,83,8994171102279,4
VO0006,83,8994171102200,2
VO0006,83,8991002105430,9
VO0006,83,8991002105409,1
VO0006,83,8992904111802,1
VO0006,83,8992904113615,4
VO0006,83,8992904111819,1
VO0006,83,8998866200332,8
VO0006,83,8998866200325,14
VO0006,83,8998866200578,1
VO0006,83,8998866200318,19
VO0006,83,8998866200301,39
VO0006,83,9311931183023,1
VO0006,83,9311931014150,6
VO0006,83,9311931189018,5
VO0006,83,8993172902499,1
VO0006,83,8992775203453,3
VO0006,83,9555319103078,2
VO0006,83,8992741995726,1
VO0006,83,8999178654332,3
VO0006,83,8999178840339,3
VO0006,83,9311931182262,30
VO0006,83,9311931182484,1
VO0006,83,8992709958251,12
VO0006,83,8992709728809,1
VO0006,83,8992696427228,8
VO0006,83,8992696427266,3
VO0006,83,8992696427242,1
VO0006,83,4800361347655,1
VO0006,83,8992696420458,1
VO0006,83,9556001216144,1
VO0006,83,8992696407725,2
VO0006,83,8998696581629,1
VO0006,83,8992388121021,4
VO0006,83,8997212800028,15
VO0006,83,8997212800035,6
VO0006,83,8997212800011,2
VO0006,83,8992388111138,42
VO0006,83,8992388112401,1
VO0006,83,8992388111206,2
VO0006,83,8991002304413,4
VO0006,83,8992388111237,31
VO0006,83,8991115500016,1
VO0006,83,8991115000080,1
VO0006,83,8990800020730,1
VO0006,83,8991115000080,1
VO0006,83,8990800020730,1
VO0006,83,8991115012021,1
VO0006,83,8990800016757,3
VO0006,83,8991115004019,21
VO0006,83,8997878002965,1
VO0006,83,8991002304864,1
VO0006,83,8991115012106,4
VO0006,83,8990800019857,67
VO0006,83,A1121,1
VO0006,83,A1197,1
VO0006,83,A13079,6
VO0006,83,A1548,2
VO0006,83,A1562,1
VO0006,83,A1860,5
VO0006,83,A21142,2
VO0006,83,A21924,2
VO0006,83,A42238,2
VO0006,83,A51449,1
VO0006,83,A51542,6
VO0006,83,A5799,1
VO0006,83,A7229,1
VO0006,83,A78028,1
VO0006,83,A85694,3
VO0006,83,8992696420458,1
VO0006,83,8992696426559,13
VO0006,83,8992696426481,18
VO0006,83,8992696409026,3
VO0006,83,8992696420458,4
VO0006,83,8992696420472,3
VO0006,83,8996001524008,3
VO0006,83,8996001524046,4
VO0006,83,8996001524022,4
VO0006,83,8995102703060,2
VO0006,83,8992770033192,3
VO0006,83,8992770084026,5
VO0006,83,8992770061065,5
VO0006,83,8852018230014,4
VO0006,83,8888327831871,16
VO0006,83,8994834000652,19
VO0006,83,A6059,2
VO0006,83,A68102,2
VO0006,83,A70820, 1
VO0006,83,A50586,2
VO0006,83,A67273,1
VO0006,83,A25235,1
VO0006,83,A1792,1
VO0006,83,A4627,1
VO0006,83,A1580,1
VO0006,83,8996001402023,12
VO0006,83,8996001414002,2
VO0006,83,8998666001917,20
VO0006,83,8996001410042,7
VO0006,83,8998666001931,8
VO0006,83,8996001440124,12
VO0006,83,8996001440223,11
VO0006,83,8996001440520,1
VO0006,83,8996001440124,1
VO0006,83,8886001100305,2
VO0006,83,8886001100909,2
VO0006,83,8996001440094,3
VO0006,83,8996001440360,1
VO0006,83,8996001440377,7
VO0006,83,8996001326275,1
VO0006,83,8996001440049,1
VO0006,83,8996001603024,6
VO0006,83,8996001440223,3
VO0006,83,8996001603048,3
VO0006,83,8992718853639,2
VO0006,83,8888327831932,5
VO0006,83,8888327831093,31
VO0006,83,8996001401033,29
VO0006,83,8998666000903,20
VO0006,83,8888327831093,20
VO0006,83,8997212800011,24
VO0006,83,8997212800028,24
VO0006,83,8993351160856,18
VO0006,83,8993351136707,2
VO0006,83,8993351158204,3
VO0006,83,8992772485029,3
VO0006,83,8850389108062,3
VO0006,83,8850389108055,1
VO0006,83,8850389108048,5
VO0006,83,8992772586016,2
VO0006,83,8992933711110,14
VO0006,83,8993351136707,36
VO0006,83,8998009010255,48
VO0006,83,8998009010255,3
VO0006,83,8998009010255,10
VO0006,83,8998009010583,17
VO0006,83,8998009011740,10
VO0006,83,8998009030031,4
VO0006,83,8998009010927,24
VO0006,83,8998009010552,7
VO0006,83,8998009040306,7
VO0006,83,8992753174201,6
VO0006,83,8992753005970,2
VO0006,83,8992753174201,72
VO0006,83,8992753172207,24
VO0006,83,8997212800028,10
VO0006,83,8997212800035,6
VO0006,83,8997212800011,5
VO0006,83,8993351132709,72
VO0006,32,8997212800264,41
VO0006,32,9555115904121,65
VO0006,32,8994075250427,12
VO0006,32,8994075250410,12
VO0006,32,8850125072930,4
VO0006,32,011132135973,9
VO0006,32,011132125615,5
VO0006,32,8850124144188,6
VO0006,32,8850125072992,1
VO0006,32,8850124093226,3
VO0006,32,8850125072916,3
VO0006,32,011132125615,7
VO0006,32,A4666,6
VO0006,32,A4672,1
VO0006,32,8992921767204,22
VO0006,32,8992921767174,22
VO0006,32,8992921767167,19
VO0006,31,8992772233064,2
VO0006,31,8992772232128,1
VO0006,31,8997011928022,23
VO0006,31,8997011928084,8
VO0006,31,8997011926202,25
VO0006,31,8997011922020,8
VO0006,31,8997011922105,1
VO0006,31,8997011926219,9
VO0006,31,8997011921412,8
VO0006,31,8995181600243,2
VO0006,31,8995181600199,5
VO0006,31,8997216510091,9
VO0006,31,8997216510145,2
VO0006,31,8993514110940,2
VO0006,31,8992829888889,2
VO0006,31,8992829822227,2
VO0006,31,8994286130570,1
VO0006,31,7997262491468,5
VO0006,31,8992772573054,18
VO0006,31,7622210789150,1
VO0006,31,50853991,1
VO0006,31,8991001111722,3
VO0006,31,8991001781420,1
VO0006,31,8991001111937,12
VO0006,31,8991001780119,3
VO0006,31,8991001780096,3
VO0006,31,8999269420211,2
VO0006,31,8999269440219,3
VO0006,31,8886007821044,1
VO0006,31,8886007811052,18
VO0006,30,8995181602438,1
VO0006,30,18995181603371,1
VO0006,30,8993039242560,10
VO0006,30,8998694120277,6
VO0006,30,8888166336513,3
VO0006,30,8997028340329,4
VO0006,30,8993500010025,1
VO0006,30,8993500019912,1
VO0006,30,8993500019127,1
VO0006,30,8993500019936,9
VO0006,30,8993500019189,5
VO0006,30,8993500060006,1
VO0006,30,8991668111141,7
VO0006,30,A88620,1
VO0006,30,A1502,1
VO0006,30,A1453,1
VO0006,30,8997011700031,4
VO0006,30,A12903,4
VO0006,30,A12905,3
VO0006,30,A12907,1
VO0006,30,A13990,2
VO0006,30,A13992,2
VO0006,30,A13993,2
VO0006,30,A14169,1
VO0006,30,A14170,6
VO0006,30,A14175,4
VO0006,30,A14175,4
VO0006,30,A14176,1
VO0006,30,A1486,1
VO0006,30,A15033,1
VO0006,30,A25263,3
VO0006,30,A38190,3
VO0006,30,A50277,1
VO0006,30,A50879,4
VO0006,30,A78476,1
VO0006,29,8996001523148,20
VO0006,29,8996001520161,10
VO0006,29,8996001523384,2
VO0006,29,8996001524091,1
VO0006,29,8996001524091,11
VO0006,29,8996001520123,3
VO0006,29,8996001523247,5
VO0006,29,8996001523230,1
VO0006,27,8850096870108,2
VO0006,27,013256160350,1
VO0006,27,8997015496107,20
VO0006,27,8990057874896,1
VO0006,27,8995177102058,2
VO0006,27,8990057804107,5
VO0006,27,8990057808303,2
VO0006,27,8990057804206,3
VO0006,27,8990057826048,1
VO0006,27,A22805,7
VO0006,27,A1550,6
VO0006,27,A31594,2
VO0006,27,A1551,1
VO0006,27,8992709811242,5
VO0006,27,8992933841114,60
VO0006,27,A86630,30
VO0006,27,8994732100027,10
VO0006,27,8994732100089,7
VO0006,27,8994732100058,14
VO0006,27,8992714042068,6
VO0006,27,8992714043065,6
VO0006,27,8992714035046,18
VO0006,27,8994388665413,10
VO0006,27,8992774821009,25
VO0006,27,8992774822006,8
VO0006,26,8992933462111,1
VO0006,26,8992933773118,2
VO0006,26,A13885,1
VO0006,26,A13885,1
VO0006,26,A23143,2
VO0006,26,9556437003080,1
VO0006,26,8992826211017,14
VO0006,26,8999999034153,1
VO0006,26,8999999034160,5
VO0006,26,7688300065201,1
VO0006,26,8992933653212,1
VO0006,26,8992933654219,2
VO0006,26,8995154802278,1
VO0006,26,8888900415061,1
VO0006,26,8888900400319,1
VO0006,26,8997214270072,1
VO0006,26,8995154801431,1
VO0006,26,8995154800649,1
VO0006,26,649626016097,7
VO0006,26,8993200664726,1
VO0006,26,8993200664733,1
VO0006,26,8997028200043,2
VO0006,26,8990333164055,3
VO0006,26,8999510949003,3
VO0006,26,A82116,1
VO0006,26,011747234160,1
VO0006,26,8992804900780,6
VO0006,26,A79546,1
VO0006,26,8995227500308,1
VO0006,26,8995227500254,1
VO0006,26,8995227500995,1
VO0006,26,8995227500995,1
VO0006,26,8992957352054,4
VO0006,26,8991003015035,1
VO0006,26,8991003014014,1
VO0006,26,8992772555012,1
VO0006,26,8992772535014,15
VO0006,26,8991818110116,1
VO0006,26,8997002051401,6
VO0006,26,8852008303292,1
VO0006,26,8993110071119,1
VO0006,26,8992825131477,1
VO0006,26,A43656,5
VO0006,26,A76898,2
VO0006,26,8992696420014,28
VO0006,26,8992696419988,1
VO0006,26,8991115012106,1
VO0006,26,8998685111130,1
VO0006,26,8850338027802,2
VO0006,26,8991115040093,2
VO0006,26,8990333162075,3
VO0006,26,8998685225004,3
VO0006,26,8997009070047,1
VO0006,26,8993058305208,1
VO0006,26,8992696520813,8
VO0006,26,8998898151404,13
VO0006,25,8992921765590,2
VO0006,25,7499221145110,9
VO0006,25,7499221195153,10
VO0006,25,7499221185147,15
VO0006,25,7499221153177,12
VO0006,25,7499221113126,14
VO0006,25,8992726932210,1
VO0006,25,8992726932203,2
VO0006,25,8992726952027,29
VO0006,25,8997035600430,1
VO0006,25,8992786200182,2
VO0006,25,8992786200120,3
VO0006,25,8992786100017,2
VO0006,25,8992786100062,2
VO0006,25,8992786200090,5
VO0006,25,8997025911492,15
VO0006,25,8992952953805,1
VO0006,25,8992952953805,1
VO0006,25,8992952922023,1
VO0006,25,8993175546362,5
VO0006,25,9555480004808,3
VO0006,25,8994075830032,12
VO0006,25,726165101061,30
VO0006,25,8994075830032,80
VO0006,24,8991102750851,24
VO0006,24,7622210828163,24
VO0006,24,8991102303309,24
VO0006,24,7622300136055,24
VO0006,24,8992760121090,24
VO0006,24,8992760121090,48
VO0006,24,7622300442507,24
VO0006,24,4893049130007,72
VO0006,23,8886001038011,640
VO0006,23,8996001355756,384
VO0006,23,8996001355978,144
VO0006,85,8998225800043,600
VO0006,85,8996196003609,30
VO0006,85,8996196004705,30
VO0006,85,8996196000950,30
VO0006,85,8996196003258,60
VO0006,85,8996196003753,90
VO0006,85,8996196004651,30
VO0006,85,8992775311738,156
VO0006,86,8993351132709,983
VO0006,86,8992753018796,2304
VO0006,86,A71351,9
VO0006,86,8997005870023,7
VO0006,86,8997015750018,3
VO0006,86,A37943,11
VO0006,86,A48049,7
VO0006,86,A78893,1
VO0006,86,A87189,8
VO0006,86,A91072,2
VO0006,86,A71545,25
VO0006,86,A736340,16
VO0006,86,A77421,26
VO0006,86,A83475,22
VO0006,86,A63587,32
VO0006,86,A66881,25
VO0006,86,A75811,30
VO0006,86,A74503,25
VO0006,86,A79830,20
VO0006,86,A32755,1
VO0006,82,089686400465,24
VO0006,82,089686400267,48
VO0006,82,089686420678,24
VO0006,82,089686400564,24
VO0006,82,089686401769,12
VO0006,82,089686400465,12
VO0006,82,089686400854,120
VO0006,82,089686420210,24
VO0006,82,089686420029,120
VO0006,82,8998866608084,60
VO0006,81,8998888710567,96
VO0006,81,089686400359,72
VO0006,81,089686400526,24
VO0006,81,089686401745,72
VO0006,81,089686401011,96
VO0006,86,A1124,8
VO0006,107,8993379259679,24
VO0006,107,8993379259679,12
VO0006,107,8993379255152,9
VO0006,107,8993379255145,9
VO0006,107,8993379255213,9
VO0006,107,8993379255213,12
VO0006,107,8993379255206,21
VO0006,107,8993379255138,63
VO0006,107,8993379255114,48
VO0006,107,8993379255107,63
VO0006,108,8992959508879,19
VO0006,108,8992959508893,10
VO0006,108,8992959508886,22
VO0006,108,8992959508848,7
VO0006,108,8992959508848,1
VO0006,108,8997001061111,6
VO0006,108,8997001061128,6
VO0006,109,8999999390198,48
VO0006,109,8999999524807,84
VO0006,110,8999999546090,12
VO0006,110,8999999525811,12
VO0006,110,8999999524456,12
VO0006,110,8999999403119,48
VO0006,110,8999999403188,72
VO0006,111,8999999524470,12
VO0006,111,8992747180201,48
VO0006,111,8992747180225,48
VO0006,111,8999999059781,24
VO0006,111,8999999549510,24
VO0006,111,8999999555450,48
VO0006,111,8999999500672,24
VO0006,111,8992747180126,24
VO0006,111,8999999710880,120
VO0006,112,8886030229954,96
VO0006,112,8886030223853,12
VO0006,112,8886030229916,96
VO0006,112,8886030229930,96
VO0006,112,8886030229947,96
VO0006,112,8886030229961,72
VO0006,114,8999999001094,72
VO0006,114,8999999001124,72
VO0006,114,8999999001117,96
VO0006,114,8999999027278,48
VO0006,114,8999999005443,48
VO0006,115,8999999005481,72
VO0006,115,8999999001179,72
VO0006,115,8999999027261,24
VO0006,115,8999999001193,48
VO0006,116,8999999530259,72
VO0006,116,8999999001209,72
VO0006,116,8999999538200,72
VO0006,116,8999999001193,72
VO0006,116,8999999530242,72
VO0006,117,8998866602655,24
VO0006,117,8998866602297,12
VO0006,117,8993189322556,48
VO0006,117,8993189272479,6
VO0006,117,8992727005098,12
VO0006,117,8992727002714,24
VO0006,117,8992727004541,18
VO0006,117,8992727002974,24
VO0006,118,8992745610915,18
VO0006,118,8992745610854,12
VO0006,118,8992745610908,24
VO0006,118,8992745610878,12
VO0006,118,8993379254971,42
VO0006,118,8993379254964,42
VO0006,118,8993379254957,48
VO0006,119,8998866606356,12
VO0006,119,8998866602921,12
VO0006,119,8998866613750,12
VO0006,119,8998866605069,6
VO0006,119,8998866603607,6
VO0006,120,8998866602723,12
VO0006,120,8998866602716,12
VO0006,120,8998866601863,12
VO0006,120,8998866608930,6
VO0006,120,8998866601566,18
VO0006,120,8998866601849,12
VO0006,120,8998866602730,12
VO0006,120,8998866608893,12
VO0006,120,8998866613552,12
VO0006,120,8998866608909,12
VO0006,121,8998866607346,6
VO0006,121,8998866610247,6
VO0006,121,8998866608732,18
VO0006,121,8998866604949,18
VO0006,121,8998866610223,24
VO0006,121,8998866808439,6
VO0006,121,8998866608725,6
VO0006,122,8992727004091,18
VO0006,122,8851818936812,18
VO0006,122,8992727004060,18
VO0006,122,8992727000062,24
VO0006,122,8993189700187,10
VO0006,122,8992727007412,24
VO0006,122,8992931005020,80
VO0006,123,055500130214,6
VO0006,123,8999908264107,6
VO0006,123,8999908264503,6
VO0006,123,055500130221,6
VO0006,123,055500130245,6
VO0006,123,055500130238,6
VO0006,123,8999908251206,6
VO0006,123,055500130269,6
VO0006,123,055500130276,6
VO0006,123,8993417097317,36
VO0006,123,8993417260216,24
VO0006,123,8993417260230,12
VO0006,123,8993417260223,12
VO0006,123,8992745610861,24
VO0006,124,8998866606899,12
VO0006,124,6901404010814,48
VO0006,124,6901404011255,72
VO0006,124,8993379254469,36
VO0006,124,8993038010023,36
VO0006,124,8993038011143,36
VO0006,124,8999999058395,48
VO0006,124,8999999058388,72
VO0006,124,8992695705266,12
VO0006,124,8992695725264,12
VO0006,124,8992695754066,24
VO0006,124,8992695744067,12
VO0006,125,8998183604219,6
VO0006,125,8998183604226,6
VO0006,125,8998183503253,6
VO0006,125,8999338278897,6
VO0006,125,8999338288872,6
VO0006,125,8992745325550,12
VO0006,125,8992745326212,12
VO0006,125,8992745130406,12
VO0006,125,8993082071506,12
VO0006,125,8992772593014,12
VO0006,125,8992772623018,12
VO0006,125,8992772106023,12
VO0006,125,8992772106016,24
VO0006,126,8992759313529,36
VO0006,126,8992803661644,42
VO0006,126,8997010253439,8
VO0006,126,8993417097416,4
VO0006,126,8993053141474,25
VO0006,127,8992931025080,16
VO0006,127,8992931025042,18
VO0006,127,8992931025080,2
VO0006,127,8992931001114,12
VO0006,127,8992931001220,40
VO0006,127,8993053141689,24
VO0006,127,8993053131239,24
VO0006,127,8993053131093,24
VO0006,127,8992931001213,20
VO0006,128,8991102022347,48
VO0006,128,8991102103367,36
VO0006,128,8991102101837,48
VO0006,128,8991102024716,48
VO0006,128,8991102021098,36
VO0006,129,8998899001135,12
VO0006,129,8998899001128,30
VO0006,129,8998899995113,14
VO0006,129,8998899400358,12
VO0006,129,8998899001173,12
VO0006,129,8998899995090,12
VO0006,129,8998899995984,12
VO0006,129,8998899400372,24
VO0006,129,8998899995922,18
VO0006,129,8998899001470,12
VO0006,130,8993044752016,6
VO0006,130,8993044752023,6
VO0006,130,8993044752030,6
VO0006,130,8993044801165,6
VO0006,130,8993417263736,18
VO0006,130,8993417097317,6
VO0006,130,8993044801110,6
VO0006,130,8993044050365,10
VO0006,130,8993044050372,10
VO0006,130,8993417229619,24
VO0006,130,8993417353130,18
VO0006,130,8993417353116,24
VO0006,130,8993417353154,30
VO0006,130,8993417353147,24
VO0006,130,8993417260216,6
VO0006,130,8993417263224,18
VO0006,130,8992727006972,12
VO0006,130,8992727003858,12
VO0006,130,8993044050327,12
VO0006,130,8993044751279,6
VO0006,130,8886030229947,6
VO0006,130,8886030229961,6
VO0006,130,8886030229930,6
VO0006,130,8886030229916,6
VO0006,130,8998866605120,12
VO0006,130,8998866611114,24
VO0006,130,8998866603416,12
VO0006,130,8998866603409,12
VO0006,131,8992727007443,9
VO0006,131,8992727007436,9
VO0006,131,8998866808231,36
VO0006,131,8998866610438,36
VO0006,131,8998866607315,12
VO0006,131,8998866608558,48
VO0006,132,8993053121131,120
VO0006,132,8993053121179,40
VO0006,132,8993053121018,55
VO0006,132,8993053121131,8
VO0006,133,8998866102612,24
VO0006,133,8998866102605,96
VO0006,133,8997017120031,48
VO0006,133,8998866106054,24
VO0006,133,8998866106979,24
VO0006,133,8998866106931,12
VO0006,134,8998899400334,30
VO0006,134,8998899001166,30
VO0006,134,8998899995632,12
VO0006,134,8998899995120,24
VO0006,134,8998899001319,24
VO0006,134,8998866670814,4
VO0006,134,8998866611718,12
VO0006,134,8998866805438,18
VO0006,135,8998866609746,12
VO0006,135,8993335516778,6
VO0006,135,8997017640171,6
VO0006,135,8997017640638,6
VO0006,135,8997017640386,6
VO0006,135,8992832603240,6
VO0006,135,8997027925299,12
VO0006,135,8997027925305,12
VO0006,135,8998866611114,12
VO0006,135,4902430731508,6
VO0006,135,8992929140207,12
VO0006,135,8992929411000,12
VO0006,135,8886020225515,18
VO0006,135,8886020225522,36
VO0006,136,8998866612173,12
VO0006,136,8998866612166,24
VO0006,136,8998866608916,24
VO0006,136,8998866610421,18
VO0006,136,8998866610100,30
VO0006,93,8993425260062,12
VO0006,93,8993425260086,12
VO0006,93,8993560033071,12
VO0006,93,8993560033095,12
VO0006,93,8993560033507,12
VO0006,94,8993560033002,12
VO0006,94,8993560033026,12
VO0006,94,8993560033040,24
VO0006,94,8993560033347,12
VO0006,94,8993560033804,12
VO0006,94,8992929111443,12
VO0006,94,8993560033798,12
VO0006,94,8993560033507,12
VO0006,94,8993560033507,12
VO0006,94,8993560033507,12
VO0006,95,8993560024192,12
VO0006,95,8993560024277,12
VO0006,95,8993560025137,27
VO0006,95,8993560024215,48
VO0006,95,8993560024178,48
VO0006,95,8993560024888,48
VO0006,95,8993560025212,48
VO0006,95,8993560024017,48
VO0006,95,8993560026097,6
VO0006,95,8993560026035,6
VO0006,95,8993560026059,6
VO0006,95,8993560024284,27
VO0006,96,8993560024024,64
VO0006,96,8993053641042,18
VO0006,96,8993053641110,18
VO0006,96,8993560027001,24
VO0006,96,8993560027568,24
VO0006,96,8993560026004,12
VO0006,96,8993560026028,12
VO0006,96,8993560027001,12
VO0006,96,8997010252425,24
VO0006,96,8997010252425,24
VO0006,96,8997010252418,24
VO0006,96,8999999528935,123
VO0006,97,76164217,30
VO0006,97,8997018460150,50
VO0006,97,8999909000544,30
VO0006,97,8999909000773,40
VO0006,97,8998127912363,100
VO0006,97,8998127921709,70
VO0006,97,8998127921754,30
VO0006,97,8998181941170,30
VO0006,97,8991906109992,70
VO0006,97,8999909001213,20
VO0006,97,8998127912370,30
VO0006,97,8993986311279,20
VO0006,97,8999909000971,30
VO0006,97,8999909001213,10
VO0006,97,8999909001909,10
VO0006,97,8998989300179,10
VO0006,97,89981115,40
VO0006,97,8998181941286,30
VO0006,97,8998127117034,10
VO0006,97,8991906101019,30
VO0006,97,8991906101026,60
VO0006,97,8991906101125,10
VO0006,97,8991906101101,70
VO0006,97,8991906101071,10
VO0006,97,8991906101316,50
VO0006,97,8991906101729,50
VO0006,97,8991906101668,50
VO0006,97,8994214115129,20
VO0006,97,8999909000346,10
VO0006,97,89981757,60
VO0006,97,89981788,20
VO0006,97,89981764,20
VO0006,97,8999909000346,6
VO0006,97,8999909010567,80
VO0006,97,8999909028234,30
VO0006,97,8999909028999,10
VO0006,97,8999909096004,100
VO0006,97,8999909000650,30
VO0006,97,8999909000483,50
VO0006,97,8999909000377,20
VO0006,97,8998989110501,6
VO0006,97,8998989110129,200
VO0006,97,8998989110167,100
VO0006,97,8998989100120,80
VO0006,97,8998989110129,40
VO0006,97,8998989502122,10
VO0006,97,8998989300155,20
VO0006,97,8998989300087,10
VO0006,97,8998989300179,20
VO0006,97,8998989300230,20
VO0006,97,8998989300391,60
VO0006,97,8998989121163,70
VO0006,97,89981108,100
VO0006,107,8993379255169,24
VO0006,107,8993379255176,12
VO0006,164,C81303,24
VO0006,164,C734721,12
VO0006,164,C83373,12
VO0006,164,C67489,12
VO0006,164,C733536,12
VO0006,164,C6623,12
VO0006,164,C69225,12
VO0006,164,C84606,12
VO0006,164,C87707,12
VO0006,164,C86761,12
VO0006,164,C49569,12
VO0006,164,C734719,12
VO0006,164,C88378,12
VO0006,164,C69224,12
VO0006,164,C87713,12
VO0006,164,C69223,12
VO0006,164,C68992,12
VO0006,164,C56721,12
VO0006,164,C83371,12
VO0006,164,C58273,12
VO0006,164,C67499,12
VO0006,164,C733532,12
VO0006,164,C88934,12
VO0006,164,C67493,12
VO0006,164,C57490,12
VO0006,164,C86763,12
VO0006,164,B18067,2
VO0006,164,B28726,1
VO0006,164,B28736,6
VO0006,164,B28738,1
VO0006,164,B28744,1
VO0006,164,B28745,3
VO0006,164,B471470,1
VO0006,164,B63970,5
VO0006,164,B88845,6
VO0006,164,B88973,2
VO0006,164,B89293,1
VO0006,164,B0015,2
VO0006,164,B0368,2
VO0006,164,B0508,2
VO0006,164,B10078,1
VO0006,164,B12600,1
VO0006,164,B15224,1
VO0006,164,B18446,3
VO0006,164,B21922,3
VO0006,164,B23778,1
VO0006,164,B23779,1
VO0006,164,B23782,1
VO0006,146,B23782,1
VO0006,164,B23808,1
VO0006,164,B25312,2
VO0006,164,B25332,2
VO0006,164,B25995,1
VO0006,164,B2995,2
VO0006,164,B34012,1
VO0006,164,B37861,1
VO0006,164,B40689,1
VO0006,164,B41018,2
VO0006,164,B41020,1
VO0006,164,B41021,1
VO0006,164,B41023,2
VO0006,164,B41268,1
VO0006,164,B43591,1
VO0006,164,B43609,2
VO0006,164,B43841,2
VO0006,164,B45288,1
VO0006,164,B45549,2
VO0006,164,B47389,2
VO0006,164,B47390,2
VO0006,164,B47392,2
VO0006,164,B48331,1
VO0006,164,B48334,2
VO0006,164,B6649,2
VO0006,164,B74352,3
VO0006,164,B81214,2
VO0006,164,B91385,2
VO0006,164,B0061,1
VO0006,164,B0487,53
VO0006,164,B28650,24
VO0006,164,B38240,1
VO0006,164,B48804,2
VO0006,164,B50309,1
VO0006,164,B51823,1
VO0006,164,B6758,1
VO0006,164,B69417,1
VO0006,164,B733233,1
VO0006,164,B734330,1
VO0006,164,B79579,1
VO0006,164,B82767,1
VO0006,164,B85356,1
VO0006,164,B86547,12
VO0006,164,B89775,1
VO0006,164,B91431,1
VO0006,164,D50414,1
VO0006,164,B0009,1
VO0006,164,B0510,1
VO0006,164,B16788,1
VO0006,164,B16788,1
VO0006,164,B17633,2
VO0006,164,B30917,1
VO0006,164,B33929,1
VO0006,164,B52016,1
VO0006,164,B63773,3
VO0006,164,B69284,1
VO0006,164,B84239,2
VO0006,164,B89315,1
VO0006,164,8992745325185,18
VO0006,164,B76449,1
VO0006,164,8993189322525,12
VO0006,164,8998866802321,6
VO0006,164,8998113005390,2
VO0006,164,8998113001118,1
VO0006,164,8998113801039,1
VO0006,164,8998113002078,2
VO0006,164,8998113002122,3
VO0006,164,8998113002085,1
VO0006,164,8993560067267,1
VO0006,164,8993560067250,1
VO0006,164,8999999517793,1
VO0006,164,8998113322046,1
VO0006,164,8993496107389,1
VO0006,164,8993379254469,1
VO0006,164,8993038140096,2
VO0006,164,8992979190986,1
VO0006,164,8998183005214,1
VO0006,164,8997010252418,4
VO0006,164,B85793,2
VO0006,164,8993113239066,3
VO0006,164,8998183102135,1
VO0006,164,8992772265164,1
VO0006,164,8998183208165,1
VO0006,164,8992779271106,1
VO0006,164,8993005101037,9
VO0006,164,8993005301109,9
VO0006,53,089686598421,80
VO0006,53,089686604450,40
VO0006,53,089686598186,30
VO0006,53,8993172902499,48
VO0006,53,8993172995460,24
VO0006,53,089686611854,30
VO0006,53,089686596465,30
VO0006,53,8992741995726,30
VO0006,54,8991668113145,10
VO0006,54,8991668116146,40
VO0006,54,8991668113152,10
VO0006,54,8991668116153,10
VO0006,54,A1502,10
VO0006,54,A1503,20
VO0006,54B,8998866201513,10
VO0006,54B,8998866200691,20
VO0006,54B,8992933452112,24
VO0006,54B,8992933453119,25
VO0006,54B,8991002101630,12
VO0006,54B,8991002101722,12
VO0006,54B,8991002109001,12
VO0006,54B,8991002109155,12
VO0006,54B,8991002105300,10
VO0006,54B,8991002105119,20
VO0006,54B,8991002109353,12
VO0006,55,8998888461124,48
VO0006,55,8991002103320,18
VO0006,55,8991002103542,6
VO0006,55,8991002103245,6
VO0006,55,8991002103849,12
VO0006,55,8991002103771,6
VO0006,55,8991002103788,12
VO0006,56,8992904111802,179
VO0006,56,8992904113615,14
VO0006,56,8992904170038,15
VO0006,56,8992904111819,20
VO0006,56,A80528,30
VO0006,56,A80527,48
VO0006,56,A4596,11
VO0006,56,4902931110185,80
VO0006,56,8993016413051,12
VO0006,56,8993016434018,12
VO0006,56,733894112022,18
VO0006,56,733894112077,6
VO0006,56,733894112060,6
VO0006,56,A12099,12
VO0006,56,A9570,72
VO0006,56,733894112022,6
VO0006,56,733894114019,6
VO0006,56,733894312071,6
VO0006,56,733894310060,6
VO0006,56,8993523101175,24
VO0006,57,089686611649,36
VO0006,57,089686611540,12
VO0006,57,8888166603400,24
VO0006,57,8888166995215,100
VO0006,57,8888166994430,100
VO0006,57,8888166989948,24
VO0006,57,8993004788147,24
VO0006,57,4800361000239,18
VO0006,58,8991998110227,20
VO0006,58,8991998110029,20
VO0006,58,8991998110128,20
VO0006,58,8991998110111,20
VO0006,58,8991998110012,20
VO0006,58,8991998110210,20
VO0006,58,8996001603048,12
VO0006,59,8991002105423,60
VO0006,59,8992802618014,12
VO0006,59,8997216520205,10
VO0006,59,8997216520205,10
VO0006,59,8997216520045,10
VO0006,59,8997216520212,10
VO0006,59,8997216520137,10
VO0006,59,8994171101371,70
VO0006,60,8991002105430,30
VO0006,60,8991002105447,10
VO0006,60,8991002115477,36
VO0006,60,8991002105409,36
VO0006,60,8994171101296,40
VO0006,61,733894324463,10
VO0006,61,733894323343,10
VO0006,61,733894323374,20
VO0006,61,733894221038,4
VO0006,61,733894324463,6
VO0006,61,8992736025162,72
VO0006,61,8992736925165,96
VO0006,61,8992736925158,48
VO0006,61,8992736925134,48
VO0006,61,8992736225401,48
VO0006,61,8992736901138,48
VO0006,61,8992736990163,24
VO0006,62,8999178650235,96
VO0006,62,8999178654332,64
VO0006,63,8888166989634,30
VO0006,63,8888166994393,45
VO0006,63,8999178770223,24
VO0006,63,8999178770124,24
VO0006,63,8999178752328,24
VO0006,64,8992696521643,72
VO0006,64,8992753184002,108
VO0006,64,8992753182008,72
VO0006,64,8992753700509,216
VO0006,64,8992753172207,48
VO0006,64,8992753184200,72
VO0006,64,8992753700103,72
VO0006,65,8888166996083,24
VO0006,65,8992802618700,24
VO0006,65,8992802618717,24
VO0006,65,8992802240093,6
VO0006,65,8992802240178,6
VO0006,65,8992753100309,40
VO0006,65,8992753005970,48
VO0006,65,8992753721603,72
VO0006,65,8992753005994,48
VO0006,66,8992753102204,96
VO0006,66,8992753101207,96
VO0006,66,8992753100101,144
VO0006,66,8992753282500,18
VO0006,66,8992753984503,6
VO0006,66,8992753004034,48
VO0006,66,8992753004010,48
VO0006,66,8992753282708,6
VO0006,66,8992753882700,6
VO0006,66,9415007018469,8
VO0006,66,9415007026365,6
VO0006,66,9415007009818,2
VO0006,66,9415007006824,6
VO0006,67,053314502227,30
VO0006,67,8999999000066,36
VO0006,67,8999999000172,72
VO0006,67,8999999000189,36
VO0006,67,8999999002497,36
VO0006,67,8999178652222,30
VO0006,67,8999178654332,16
VO0006,68,8994755020487,36
VO0006,68,749921000712,6
VO0006,68,749921050199,12
VO0006,68,749921005137,6
VO0006,68,749921000859,12
VO0006,68,749921005540,12
VO0006,69,749921005311,6
VO0006,69,749921005311,6
VO0006,69,749921030658,24
VO0006,69,749921011190,24
VO0006,69,749921040282,24
VO0006,69,749921040466,24
VO0006,69,749921040213,24
VO0006,69,8886015203115,48
VO0006,69,8994755030479,48
VO0006,70,8994591080010,20
VO0006,70,8994591010017,20
VO0006,70,8994591070011,20
VO0006,70,9415007034414,80
VO0006,70,9415007014447,120
VO0006,70,9415007043096,24
VO0006,70,8997212420196,30
VO0006,70,8994755020425,36
VO0006,71,8995108509864,48
VO0006,71,8851019210124,20
VO0006,71,8851019210292,30
VO0006,71,8851019210193,30
VO0006,71,8851019210223,30
VO0006,71,8851019210117,30
VO0006,72,8997878002088,60
VO0006,72,8999099920738,14
VO0006,72,8999099920691,3
VO0006,72,8999099920745,7
VO0006,72,8999099920769,3
VO0006,72,8999099920721,4
VO0006,72,8999099920684,2
VO0006,72,8999099920707,4
VO0006,72,8995108500038,24
VO0006,72,8995108500052,36
VO0006,72,8995108509499,36
VO0006,72,749921006127,20
VO0006,73,8994291101022,120
VO0006,73,8994291101046,20
VO0006,73,8993093142509,60
VO0006,74,8997009070993,12
VO0006,74,8993110071119,6
VO0006,74,8997016731870,20
VO0006,74,8997016730286,70
VO0006,74,8997016731863,30
VO0006,74,8997016730293,80
VO0006,75,8992933327113,96
VO0006,75,8992933323115,48
VO0006,75,8992933322118,96
VO0006,75,8992933326116,144
VO0006,75,8992933321111,96
VO0006,75,8992933328110,84
VO0006,75,8992933325119,120
VO0006,75,8992933217117,132
VO0006,75,8992933241112,96
VO0006,75,8992933212112,96
VO0006,75,8992933213119,60
VO0006,75,8992933214116,60
VO0006,75,8992933216110,60
VO0006,75,8992933214116,60
VO0006,75,8992933243116,60
VO0006,75,8992933218114,36
VO0006,75,8992933211115,84
VO0006,75,8992705012063,48
VO0006,75,8992705032061,72
VO0006,75,8992705022062,72
VO0006,75,8992705042060,72
VO0006,75,8992705012100,48
VO0006,75,8992705022109,72
VO0006,75,8992705042107,72
VO0006,75,8992705032023,72
VO0006,75,8992705042022,24
VO0006,75,8998888710178,10
VO0006,76,8992705022024,120
VO0006,76,8992705012025,120
VO0006,76,8994021101223,84
VO0006,76,8997220180112,168
VO0006,76,8992705073187,24
VO0006,76,8992705012179,12
VO0006,76,8992705042176,48
VO0006,76,8992705032177,24
VO0006,76,8997220180099,144
VO0006,76,8997220180136,108
VO0006,76,8997220180150,96
VO0006,76,8994021009994,36
VO0006,76,8994021222232,24
VO0006,76,8994021222249,36
VO0006,76,8994021222225,36
VO0006,76,8994021101452,66
VO0006,76,8887333050016,12
VO0006,76,8998888710147,72
VO0006,77,8992904111802,600
VO0006,80,8992735210132,24
VO0006,80,8992735210101,24
VO0006,80,8992735210088,72
VO0006,80,8992735210149,48
VO0006,80,8992735210064,48
VO0006,80,8992735210118,96
VO0006,80,8992735210101,24
VO0006,80,089686386462,40
VO0006,80,089686386318,80
VO0006,80,089686386110,80
VO0006,80,089686386066,30
VO0006,80,089686386165,20
VO0006,80,089686386462,50
VO0006,80,089686386417,60
VO0006,79,8997011700031,84
VO0006,79,8991688890699,24
VO0006,79,8993047301112,20
VO0006,79,8993047311111,20
VO0006,78,8997004060470,20
VO0006,78,8888327831918,40
VO0006,78,8888327831086,40
VO0006,78,8888327831116,40
VO0006,78,8994061800476,36
VO0006,78,8888327831932,20
VO0006,78,089686000016,20
VO0006,78,8997004060289,12
VO0006,78,089686000061,40
VO0006,78,8997004060029,36
VO0006,92,8858947824331,3
VO0006,92,8858947823334,3
VO0006,92,8858947825338,3
VO0006,92,089686960105,3
VO0006,92,089686960099,4
VO0006,92,089686960051,17
VO0006,92,4902430605168,2
VO0006,92,8994878000021,1
VO0006,92,8858947820821,1
VO0006,92,9557033000923,10
VO0006,92,9557033000930,1
VO0006,92,8997001061029,1
VO0006,92,8997006830118,1
VO0006,92,8992931009028,1
VO0006,92,8992931009028,1
VO0006,92,8997006830040,2
VO0006,92,9557033000428,2
VO0006,92,9557033000435,2
VO0006,92,8997029800129,2
VO0006,92,4902430517898,1
VO0006,92,8993189270802,1
VO0006,92,8997004890602,1
VO0006,92,8992873100500,1
VO0006,92,8997004890169,2
VO0006,92,8997029808033,2
VO0006,92,8997029808026,3
VO0006,92,8858947824331,2
VO0006,92,8997029808019,3
VO0006,92,8992857030113,6
VO0006,161,B31657,9
VO0006,161,B54880,3
VO0006,161,B68166,1
VO0006,161,B68691,4
VO0006,161,B69472,1
VO0006,161,B734325,5
VO0006,161,B734947,2
VO0006,161,B735981,1
VO0006,161,B87327,1
VO0006,161,B90535,1
VO0006,161,B92278,1
VO0006,161,B92698,8
VO0006,161,8998127912394,1
VO0006,161,8998989300070,7
VO0006,161,89981764,37
VO0006,161,8994214984947,10
VO0006,161,8998989300087,10
VO0006,161,8999909000940,10
VO0006,162,C4844,1
VO0006,162,C66588,1
VO0006,162,C75746,1
VO0006,162,C75755,2
VO0006,162,C75764,1
VO0006,162,C75776,2
VO0006,162,C75838,4
VO0006,162,C82828,1
VO0006,162,C87743,1
VO0006,162,C89254,1
VO0006,162,C89391,1
VO0006,162,C64118,1
VO0006,162,C84306,1
VO0006,162,C64694,1
VO0006,162,C78802,1
VO0006,162,C92540,6
VO0006,162,C734010,1
VO0006,162,C93862,5
VO0006,162,C94790,1
VO0006,162,C89263,12
VO0006,162,C89280,12
VO0006,162,C734266,6
VO0006,162,C734010,5
VO0006,162,C92210,12
VO0006,162,C93862,1
VO0006,162,C94790,11
VO0006,162,C93088,10
VO0006,160,B10820,1
VO0006,160,B16288,1
VO0006,160,B26996,2
VO0006,160,B48582,1
VO0006,160,B81267,2
VO0006,160,B81926,1
VO0006,165,F11693,32666