VO0001,355,3014260821883,1
VO0001,355,3014260855550,6
VO0001,355,3014260855550,1
VO0001,355,3014260803926,8
VO0001,355,4902430733021,3
VO0001,355,4902430508339,3
VO0001,355,4902430733021,2
VO0001,355,4902430508377,3
VO0001,355,4902430538633,2
VO0001,356,4902430878999,2
VO0001,356,4902430879088,9
VO0001,356,4902430878982,2
VO0001,356,4902430879002,3
VO0001,356,4902430624541,3
VO0001,356,4902430623643,1
VO0001,356,4902430428422,4
VO0001,357,4902430429399,6
VO0001,357,4902430429375,5
VO0001,357,4902430429375,5
VO0001,357,4902430428330,8
VO0001,357,4902430450379,2
VO0001,357,4902430429405,2
VO0001,357,4902430428408,6
VO0001,357,4902430428316,2
VO0001,357,4902430450355,4
VO0001,357,4902430772020,16
VO0001,357,4902430772495,3
VO0001,358,4902430102247,7
VO0001,358,4902430553636,2
VO0001,358,4902430869102,8
VO0001,358,4902430753364,8
VO0001,358,4902430753357,3
VO0001,358,4902430396028,5
VO0001,358,4902430507066,7
VO0001,358,4902430706742,7
VO0001,358,4902430731591,7
VO0001,360,8992759313529,12
VO0001,360,8992759515466,12
VO0001,360,8993053111408,22
VO0001,360,8993053111149,3
VO0001,360,8993053111149,2
VO0001,361,8993053131130,19
VO0001,361,8993053131017,23
VO0001,361,8993053131246,18
VO0001,361,8993053131239,21
VO0001,362,8993053131093,20
VO0001,362,8993053121018,19
VO0001,362,8993053121391,12
VO0001,362,8993053121360,21
VO0001,363,8993053121131,16
VO0001,363,8993053121391,14
VO0001,364,8993053411027,5
VO0001,364,8993053121032,17
VO0001,364,8993053121179,18
VO0001,365,8993053141474,46
VO0001,365,8993053141689,13
VO0001,365,8992759244021,16
VO0001,366,8992759134117,32
VO0001,366,8992759434026,7
VO0001,366,8992759114348,17
VO0001,368,8992759114348,22
VO0001,369,8992759612530,20
VO0001,370,8992931005020,24
VO0001,370,8992931005020,6
VO0001,370,8992931002050,20
VO0001,370,8992931002111,2
VO0001,371,8992931005020,30
VO0001,372,8992931005013,8
VO0001,371,8992931005020,7
VO0001,371,8992931005105,13
VO0001,373,8992931025011,7
VO0001,373,8992931001220,4
VO0001,373,8992931005013,9
VO0001,373,8992931005013,6
VO0001,373,8992931005020,2
VO0001,374,8992931025080,12
VO0001,374,8992931025042,5
VO0001,375,8992931925038,8
VO0001,375,8992931006256,22
VO0001,376,8992931001114,9
VO0001,376,8992931025073,15
VO0001,376,8992931002050,2
VO0001,376,8992931005099,9
VO0001,377,8992931001220,10
VO0001,377,8992931001213,9
VO0001,377,8992931001220,1
VO0001,378,8992931029057,4
VO0001,379,8992931009103,1
VO0001,379,8992931009547,6
VO0001,380,8993425260086,17
VO0001,380,8997023900344,3
VO0001,380,8997023900337,10
VO0001,380,8997023900023,18
VO0001,381,8997023900337,13
VO0001,381,8998103100692,20
VO0001,381,8998103100685,9
VO0001,382,8993425260086,20
VO0001,383,8993425260086,101
VO0001,383,8993425260062,53
VO0001,384,8993425260123,88
VO0001,385,8992750540931,22
VO0001,385,8992745540878,11
VO0001,385,8992750540900,5
VO0001,385,8992750540856,4
VO0001,385,8992745540717,10
VO0001,385,8997023900047,17
VO0001,386,8993053641011,45
VO0001,386,8992750540917,4
VO0001,386,8993560027537,5
VO0001,386,8888103006820,4
VO0001,386,8888103006868,5
VO0001,386,8992745550518,7
VO0001,386,8992745550518,7
VO0001,386,8993053641042,18
VO0001,386,8993053641110,4
VO0001,387,8992745540823,1
VO0001,387,8992745550518,1
VO0001,388,8992745550518,5
VO0001,388,8993560027612,15
VO0001,388,8993560027544,11
VO0001,389,8997023900016,14
VO0001,389,8997023900030,14
VO0001,390,8888103006844,10
VO0001,391,8992750540504,1
VO0001,391,8998103100685,7
VO0001,391,8888103006882,7
VO0001,391,8997023900344,8
VO0001,392,8991038111757,10
VO0001,392,8991038110514,8
VO0001,392,8991038110354,21
VO0001,393,8993072122034,10
VO0001,393,8990090990409,8
VO0001,393,8387873140777,15
VO0001,393,8000101190145,20
VO0001,394,8993072130503,5
VO0001,394,8000101190138,19
VO0001,394,8000101190152,11
VO0001,395,8991038773344,16
VO0001,395,8991038773351,14
VO0001,395,8991038773573,8
VO0001,396,8993072142025,20
VO0001,396,8993072142049,6
VO0001,396,B0325,7
VO0001,396,8000101250320,12
VO0001,397,8387873120151,8
VO0001,397,8387873120120,16
VO0001,397,8000101190114,29
VO0001,397,8387873120151,3
VO0001,397,8000101190121,26
VO0001,402,8387873140111,9
VO0001,402,8987873140104,2
VO0001,402,8387873120106,19
VO0001,402,8387873120106,1
VO0001,398,8998990212300,23
VO0001,398,8998990212416,26
VO0001,398,8998990212423,24
VO0001,398,8998990212430,20
VO0001,399,8998990212218,24
VO0001,399,8998990212249,19
VO0001,399,8998990212232,22
VO0001,399,8998990212294,22
VO0001,400,8998990212225,24
VO0001,400,8998990212133,29
VO0001,400,8998990212126,34
VO0001,401,8992873130507,7
VO0001,401,8992873150505,17
VO0001,401,8992873180113,8
VO0001,401,8992873151106,11
VO0001,401,8992873140100,10
VO0001,401,8992873150505,6
VO0001,403,8993189270338,65
VO0001,403,8993189270338,1
VO0001,403,8993189270291,61
VO0001,403,8993189270291,1
VO0001,404,8993189270345,36
VO0001,405,8993189270345,5
VO0001,405,8993189270307,17
VO0001,405,8993189700149,12
VO0001,408,8993189270284,30
VO0001,408,8993189270048,7
VO0001,406,8993189270352,4
VO0001,406,8993189320286,8
VO0001,407,8993189270024,6
VO0001,407,8993189230103,1
VO0001,407,8993189700569,3
VO0001,407,8993189700583,22
VO0001,409,8993189322525,38
VO0001,406,8993189230103,12
VO0001,406,8993189230103,1
VO0001,411,8993189700538,11
VO0001,409,8993189322525,1
VO0001,409,8993189322556,19
VO0001,411,8993189700552,3
VO0001,411,8993189700576,23
VO0001,411,8993189700552,2
VO0001,412,8993189700545,1
VO0001,412,8993189700545,18
VO0001,412,8993189700545,5
VO0001,410,8993189700156,16
VO0001,410,8993189700187,9
VO0001,412,8993189700569,20
VO0001,412,8993189700569,13
VO0001,413,8998866670777,12
VO0001,413,8998866605793,31
VO0001,414,8998866603812,14
VO0001,414,8998866607889,38
VO0001,414,8998866600095,24
VO0001,414,8998866607889,22
VO0001,414,8998866603836,53
VO0001,414,8998866608275,63
VO0001,415,8998866670722,39
VO0001,414,8998866603812,38
VO0001,415,8998866600095,20
VO0001,415,8999999549480,24
VO0001,416,8998866671736,15
VO0001,416,8998866603812,54
VO0001,416,8992929111443,14
VO0001,416,8992929111429,21
VO0001,417,8998866671699,43
VO0001,418,8998866605786,2
VO0001,418,8998866671804,1
VO0001,418,8998866670692,3
VO0001,418,8998866671699,2
VO0001,418,8998866600460,6
VO0001,418,8998866600460,2
VO0001,418,8998866670814,6
VO0001,419,B18694,22
VO0001,419,8997010252418,41
VO0001,419,8997010252425,2
VO0001,419,8998866670814,4
VO0001,420,8998866182171,13
VO0001,420,8998866609548,6
VO0001,420,8998866183178,10
VO0001,420,8997031480029,4
VO0001,420,8999908251206,6
VO0001,421,8998866611701,3
VO0001,421,8998866105125,1
VO0001,421,8998866104456,1
VO0001,421,8998866105132,25
VO0001,421,8998866183208,4
VO0001,421,8998866183215,7
VO0001,422,8998866107914,12
VO0001,422,8998866105149,13
VO0001,422,8998866611725,1
VO0001,422,8998866182218,18
VO0001,423,8998866611718,12
VO0001,423,8998866105156,42
VO0001,424,8998866106160,15
VO0001,424,8998866100717,13
VO0001,425,8998866105248,10
VO0001,485,8998866106092,7
VO0001,425,8998866107914,3
VO0001,426,8999999036348,8
VO0001,426,8999999036355,10
VO0001,426,8999999050009,28
VO0001,426,8999999524821,36
VO0001,426,8999999552367,14
VO0001,427,8999999050009,35
VO0001,427,8999999059781,14
VO0001,427,8999999549510,17
VO0001,427,8999999524722,4
VO0001,428,8999999390198,14
VO0001,429,8999999524838,1
VO0001,429,8999999524807,38
VO0001,430,8999999540388,41
VO0001,431,8999999008475,4
VO0001,432,8998899004105,13
VO0001,432,8998899400204,12
VO0001,432,8998899994659,11
VO0001,432,8998899004297,9
VO0001,432,8998899004211,5
VO0001,432,8998899400228,16
VO0001,432,8998899995953,5
VO0001,432,8992772027014,10
VO0001,432,8992772315128,10
VO0001,432,8992772215039,12
VO0001,432,8992772315111,11
VO0001,432,8992772313056,10
VO0001,433,8992772313056,10
VO0001,433,8998899001623,11
VO0001,433,8998899995670,8
VO0001,433,8998899001579,38
VO0001,433,8998899001920,30
VO0001,434,8992745705635,4
VO0001,434,8886020033431,16
VO0001,434,8886020205029,17
VO0001,434,8998990205043,34
VO0001,434,8998990205036,28
VO0001,434,8998990205210,30
VO0001,434,8992857010771,1
VO0001,434,8992857130585,32
VO0001,435,8992857030144,5
VO0001,435,8992857030151,4
VO0001,435,8992857030120,22
VO0001,435,8998899001357,22
VO0001,435,8998899001203,3
VO0001,436,8992857030137,14
VO0001,436,8998899001678,4
VO0001,436,8998899001210,14
VO0001,437,8992745120179,11
VO0001,437,8992745120131,16
VO0001,437,8992745120056,11
VO0001,437,8992745120537,5
VO0001,437,8992745120216,12
VO0001,438,8992857020534,10
VO0001,438,8992857020558,9
VO0001,438,8992857130219,8
VO0001,438,8992857130202,7
VO0001,438,8992857020541,8
VO0001,438,8992857020565,8
VO0001,438,8992857020657,11
VO0001,438,8992857020664,10
VO0001,438,8992745326809,13
VO0001,438,8992745705345,13
VO0001,438,8992745730187,7
VO0001,438,8992745730170,8
VO0001,439,8998899001401,41
VO0001,439,8998899994802,41
VO0001,439,8998899940397,16
VO0001,439,8998899995526,34
VO0001,439,8998899940373,23
VO0001,439,8992857070126,20
VO0001,439,8992857130325,24
VO0001,439,8992857130318,11
VO0001,439,8992745120247,3
VO0001,439,8992745140566,1
VO0001,439,8992745140559,16
VO0001,440,8998899001340,7
VO0001,440,8998899940229,2
VO0001,440,8998899995519,6
VO0001,440,8992857080118,10
VO0001,440,8992857080132,6
VO0001,440,8992745140689,17
VO0001,440,8998899001418,1
VO0001,441,8998899001319,14
VO0001,441,8998899001937,1
VO0001,441,8998899001975,12
VO0001,441,8998899001326,14
VO0001,441,8992857050135,8
VO0001,441,8992857050166,11
VO0001,441,8992857050128,12
VO0001,441,8992857050173,13
VO0001,441,8992857060134,13
VO0001,442,8992745999997,8
VO0001,442,8992745140580,11
VO0001,442,8992745120650,10
VO0001,442,8992745120636,8
VO0001,442,8992745140573,12
VO0001,442,8992745120520,6
VO0001,442,8998990205098,11
VO0001,442,8998990205081,8
VO0001,442,8992857050173,2
VO0001,442,8992857050135,1
VO0001,443,8992743120324,11
VO0001,443,8992857100120,6
VO0001,443,8992857100120,3
VO0001,443,8992745705833,8
VO0001,443,8992857080118,2
VO0001,443,8992745120520,12
VO0001,443,8992745730187,12
VO0001,443,8992745120537,2
VO0001,443,8992745705345,1
VO0001,443,8992745326809,12
VO0001,444,8992745326212,9
VO0001,444,8850175010418,1
VO0001,444,8850175010425,7
VO0001,444,8998899995410,9
VO0001,444,8998899995441,9
VO0001,444,8998899995427,10
VO0001,444,8992772593014,7
VO0001,444,8992772623018,12
VO0001,445,8992745140955,17
VO0001,445,8992745730309,5
VO0001,445,8992857130493,3
VO0001,445,8992857130165,2
VO0001,445,8992857130172,5
VO0001,446,8992745560562,12
VO0001,446,8992745120957,13
VO0001,446,8992857130370,1
VO0001,446,8992857020114,10
VO0001,446,8992857130141,14
VO0001,447,8992745610274,11
VO0001,447,8992745130406,13
VO0001,447,8992857020121,3
VO0001,447,8992857130158,4
VO0001,447,8992857020411,6
VO0001,447,8992857130189,6
VO0001,447,8992857130196,10
VO0001,448,8992745130406,9
VO0001,448,8992745120957,6
VO0001,448,8992745610274,7
VO0001,448,8992857020121,3
VO0001,448,8992857130158,2
VO0001,448,8992857020411,7
VO0001,448,8992857130189,6
VO0001,448,8992857130196,4
VO0001,449,8886012826270,26
VO0001,449,8886012826287,6
VO0001,449,8886012826263,2
VO0001,449,8992745325420,16
VO0001,449,8992745610533,5
VO0001,449,8992745560449,15
VO0001,449,8992745560456,1
VO0001,449,8992745325550,18
VO0001,450,8992772096010,13
VO0001,450,8998899400372,4
VO0001,450,8998899400358,24
VO0001,450,8998899400341,11
VO0001,450,8998899400327,5
VO0001,450,8998899995113,10
VO0001,451,8992745320326,7
VO0001,451,8992745320302,2
VO0001,451,8998899400334,19
VO0001,451,8998899995922,10
VO0001,451,8998899995632,6
VO0001,451,8998899995939,11
VO0001,452,8992745610526,8
VO0001,452,8992745320173,2
VO0001,452,8992745320241,2
VO0001,452,8992745320197,1
VO0001,452,8992772106016,3
VO0001,452,8998899001128,8
VO0001,452,8998899994543,4
VO0001,452,8998899001470,4
VO0001,452,8998899001166,10
VO0001,453,8992745705710,6
VO0001,453,8992779141409,2
VO0001,453,8992745320739,3
VO0001,453,8992745320180,2
VO0001,453,8992779141409,1
VO0001,453,8992772106023,13
VO0001,453,8992779143106,1
VO0001,453,8992745560654,1
VO0001,453,8998899002132,1
VO0001,453,8998899001036,12
VO0001,453,8998899001173,15
VO0001,454,8992745940142,15
VO0001,454,8992745326342,17
VO0001,454,8992745326137,10
VO0001,454,8992745326281,6
VO0001,454,8992745326120,19
VO0001,454,B43825,4
VO0001,455,4902430517478,3
VO0001,455,4902430517423,7
VO0001,455,4902430517461,6
VO0001,455,4902430517430,3
VO0001,455,4902430517454,5
VO0001,455,4902430517393,8
VO0001,455,4902430517447,6
VO0001,455,4902430570343,6
VO0001,455,4902430377379,4
VO0001,455,4902430377331,6
VO0001,455,4902430377195,6
VO0001,456,4902430516969,8
VO0001,456,4902430516266,4
VO0001,456,4902430516198,9
VO0001,456,4902430516921,4
VO0001,456,4902430517256,6
VO0001,456,4902430516877,1
VO0001,156,4902430516167,6
VO0001,457,8992745325819,4
VO0001,457,8992745325512,3
VO0001,457,8992745325833,4
VO0001,457,8992745320388,4
VO0001,457,8992745560548,7
VO0001,457,8992745560555,3
VO0001,457,8992745560531,5
VO0001,458,8998990215059,4
VO0001,458,8994037703664,2
VO0001,458,8992779057908,8
VO0001,458,8850175019213,1
VO0001,458,8992779125904,5
VO0001,458,8850175019220,6
VO0001,458,8992745610526,1
VO0001,458,8992745320739,1
VO0001,459,8992779194900,2
VO0001,459,8992779195006,1
VO0001,459,8992779194009,3
VO0001,459,8998990215097,1
VO0001,459,8992779154102,6
VO0001,459,8992911860076,2
VO0001,459,8992911860045,16
VO0001,459,8992911860045,47
VO0001,460,614689003001,3
VO0001,460,614689004077,18
VO0001,460,614689004046,12
VO0001,460,614689001076,11
VO0001,460,614689001229,18
VO0001,460,614689001045,18
VO0001,460,8886020208297,10
VO0001,460,8886020208372,11
VO0001,460,8886020208303,10
VO0001,460,614689001205,17
VO0001,461,8992745940128,11
VO0001,461,8992745940166,20
VO0001,461,8992745940159,27
VO0001,461,8992745940135,18
VO0001,461,8992745705659,10
VO0001,461,8992745999928,5
VO0001,461,8992745380191,31
VO0001,461,8992745326694,13
VO0001,462,8992745560203,39
VO0001,462,8992745380221,20
VO0001,462,8992745380245,34
VO0001,462,8992745380238,10
VO0001,462,8886020215158,54
VO0001,462,8886020215165,30
VO0001,462,8886020215189,38
VO0001,462,8886020215196,36
VO0001,462,8886020215172,41
VO0001,463,8992745325031,6
VO0001,463,8992745325017,8
VO0001,463,8992745320135,7
VO0001,463,8992745320067,6
VO0001,463,8992745320074,3
VO0001,463,8992745325949,6
VO0001,463,8992745325963,4
VO0001,463,8992745705758,5
VO0001,464,8992745330103,1
VO0001,464,8992745330127,23
VO0001,464,8992745330134,7
VO0001,464,8992779158902,3
VO0001,464,8992779110900,1
VO0001,464,8992779156908,1
VO0001,464,8992779159909,1
VO0001,464,8992745320685,5
VO0001,464,8992911860120,11
VO0001,465,8992745325307,6
VO0001,465,8992745325321,2
VO0001,465,8992745325314,7
VO0001,465,8992745330110,19
VO0001,465,8992745330103,15
VO0001,465,8886020201212,25
VO0001,465,8886020201229,23
VO0001,465,8886020201205,27
VO0001,466,8886012826232,26
VO0001,466,8992779188008,3
VO0001,466,4968306479530,10
VO0001,466,4968306479608,14
VO0001,466,4968306479592,11
VO0001,466,4968306479585,11
VO0001,466,4968306479660,3
VO0001,466,4968306479653,10
VO0001,466,8886012826119,4
VO0001,467,8998899940557,12
VO0001,467,8998899940564,18
VO0001,467,8998899940571,7
VO0001,467,8998899940489,19
VO0001,467,8998899940519,14
VO0001,467,8998899940533,16
VO0001,467,4801234014315,17
VO0001,467,8998899940472,12
VO0001,467,8998899995564,6
VO0001,467,8998899995724,6
VO0001,467,8886020208327,18
VO0001,468,8991899101362,13
VO0001,468,8886012800232,7
VO0001,468,8993038140102,5
VO0001,468,8886012803813,14
VO0001,468,8886012883273,4
VO0001,468,8886012826164,15
VO0001,468,8886012883266,5
VO0001,468,8992745560210,31
VO0001,468,8992745326687,42
VO0001,468,8992745380825,22
VO0001,469,8886012895245,54
VO0001,469,8886012852422,17
VO0001,469,8992911881309,12
VO0001,469,8886012822326,3
VO0001,469,8993038140461,1
VO0001,469,8886012881255,1
VO0001,469,8886012895146,18
VO0001,469,8886012883136,38
VO0001,470,8886012800324,12
VO0001,470,8886012895283,4
VO0001,470,8993038140232,13
VO0001,470,8886012895351,26
VO0001,470,8886020001058,21
VO0001,470,8886012800270,1
VO0001,471,8886012895344,17
VO0001,471,8886012800416,15
VO0001,471,8886012800317,17
VO0001,471,8886012895313,11
VO0001,471,8992911881002,71
VO0001,471,8886012800430,4
VO0001,471,8886012800331,3
VO0001,472,8886020001256,31
VO0001,472,8886020002017,25
VO0001,472,8886012880227,17
VO0001,472,8886012803158,35
VO0001,472,8886012800225,12
VO0001,472,8886012895221,36
VO0001,472,8993038150057,5
VO0001,472,8993038150057,5
VO0001,472,8993038150040,11
VO0001,472,8993038150033,9
VO0001,472,8993038150064,13
VO0001,472,A8993038150071A,8
VO0001,473,8886020033622,21
VO0001,473,8886020033639,13
VO0001,473,8992857090315,1
VO0001,473,8992857090414,2
VO0001,473,8886020001256,13
VO0001,473,8991899201376,8
VO0001,473,8886020203124,14
VO0001,473,8886020002017,2
VO0001,474,8991899203219,18
VO0001,474,8886020033530,9
VO0001,474,8991899204094,8
VO0001,474,8991899204070,44
VO0001,475,8886020002062,23
VO0001,475,8886020033370,24
VO0001,475,8886020001027,18
VO0001,475,8886020034971,14
VO0001,475,8886020001041,27
VO0001,476,8991899101355,29
VO0001,476,8886020001638,17
VO0001,476,8886020001621,14
VO0001,476,8886020001645,18
VO0001,476,8886020001652,17
VO0001,476,8886020002055,29
VO0001,476,8886020001232,32
VO0001,476,8886020001010,51
VO0001,476,8886020033387,40
VO0001,476,8886020001034,18
VO0001,477,8886020001089,54
VO0001,477,8886020001102,26
VO0001,477,8997217180088,1
VO0001,477,8997217180019,1
VO0001,477,8886020038078,37
VO0001,477,8886020035411,34
VO0001,478,8886020101338,37
VO0001,478,8886020001096,87
VO0001,478,8886020001140,51
VO0001,479,8886020036029,47
VO0001,479,8886020001126,44
VO0001,479,8886020001133,27
VO0001,479,8886020036012,37
VO0001,480,8886020203162,26
VO0001,480,8886020203117,28
VO0001,480,8886020201243,40
VO0001,480,8991899201376,17
VO0001,481,8886020001225,16
VO0001,481,8886012802151,10
VO0001,481,8886012800218,19
VO0001,481,8993038153034,6
VO0001,481,8886020036012,4
VO0001,482,8993560033002,7
VO0001,482,8993560033491,7
VO0001,482,8993560033507,7
VO0001,482,8993560033026,4
VO0001,482,8993560033033,7
VO0001,482,8993560033743,3
VO0001,482,8993560033729,6
VO0001,482,8993560033736,3
VO0001,482,8993560033736,6
VO0001,483,8999999407896,13
VO0001,483,8999999500672,18
VO0001,483,8999999555450,20
VO0001,483,8998866601795,9
VO0001,483,8998866604420,8
VO0001,484,8999999006204,20
VO0001,484,8992747180126,10
VO0001,484,8992747180102,10
VO0001,485,8992747180225,9
VO0001,485,8992747180201,32
VO0001,486,8886030322907,12
VO0001,486,8998866601788,9
VO0001,486,8998866606370,8
VO0001,486,8998866602938,11
VO0001,486,8886030633904,1
VO0001,487,8993560033644,14
VO0001,487,8993560033637,18
VO0001,487,B0162,3
VO0001,487,8995057900484,1
VO0001,487,8993379259679,1
VO0001,487,B0162,24
VO0001,487,8993560033736,6
VO0001,487,8993560033729,8
VO0001,487,8993560033002,2
VO0001,487,8993560033040,2
VO0001,487,8992779225406,3
VO0001,487,8993560033033,2
VO0001,487,8992779228407,2
VO0001,487,8993560033507,2
VO0001,487,8992779235504,2
VO0001,488,8993560033040,7
VO0001,488,8992779226403,13
VO0001,488,8992779225406,8
VO0001,488,8992779228407,7
VO0001,488,8992779235504,14
VO0001,489,8993560033798,11
VO0001,489,8992779225505,7
VO0001,489,8886030322808,20
VO0001,490,8999999520878,36
VO0001,490,8999999537197,53
VO0001,491,8999999520885,9
VO0001,491,8999999407858,13
VO0001,491,8999999537197,2
VO0001,492,8998866606356,7
VO0001,492,8999999407919,16
VO0001,493,8998866606356,23
VO0001,493,8998866602921,16
VO0001,493,8998866613750,1
VO0001,494,8934868105039,2
VO0001,494,8934868100423,4
VO0001,494,8999999004514,3
VO0001,494,8999999004576,4
VO0001,494,8999999004521,3
VO0001,494,8999908264107,7
VO0001,494,8998866606356,8
VO0001,494,8998866605069,4
VO0001,495,8998866603522,10
VO0001,495,8998866600569,12
VO0001,495,8998866600538,5
VO0001,495,8998866600552,9
VO0001,495,8998866600521,10
VO0001,496,055500130276,6
VO0001,496,055500130269,6
VO0001,496,055500130221,6
VO0001,496,8998866607971,16
VO0001,497,8998866679664,11
VO0001,497,8998866679602,5
VO0001,497,8998866679596,18
VO0001,498,8998866809221,1
VO0001,498,8998866603539,5
VO0001,498,8998866809870,7
VO0001,498,8998866679572,9
VO0001,499,8992779024207,14
VO0001,499,8992779023200,11
VO0001,499,8992779037207,5
VO0001,500,055500130238,4
VO0001,500,055500130214,5
VO0001,500,055500130245,6
VO0001,500,8993379255176,10
VO0001,500,8993379255169,9
VO0001,500,8993379255183,14
VO0001,500,8993379255145,1
VO0001,501,8998866606332,5
VO0001,501,8998866606356,3
VO0001,501,8998866603607,4
VO0001,501,8998866603591,3
VO0001,501,8998866603638,8
VO0001,501,8998866603621,4
VO0001,502,8999999521011,13
VO0001,502,8999999406936,15
VO0001,502,8999999406950,9
VO0001,502,8999999554286,6
VO0001,503,8999999534820,21
VO0001,503,8999999534837,32
VO0001,504,8999999406929,25
VO0001,504,8999999057015,7
VO0001,505,8999999406943,28
VO0001,505,8999999554279,5
VO0001,506,8999999525040,10
VO0001,506,8999999057022,29
VO0001,507,8998866692663,15
VO0001,507,8998866692632,3
VO0001,507,8998866692601,13
VO0001,507,8998866603546,10
VO0001,507,8998866693578,3
VO0001,507,8998866693608,5
VO0001,507,8998866603553,6
VO0001,507,8998866693660,2
VO0001,508,8999999406899,12
VO0001,508,8999999406905,9
VO0001,509,8993560033347,23
VO0001,509,8993560033293,17
VO0001,509,8998866604741,6
VO0001,509,8992772195096,2
VO0001,509,8998866604703,7
VO0001,510,8993560033545,5
VO0001,510,8993560033309,33
VO0001,510,8998866604697,1
VO0001,510,8998866605762,11
VO0001,510,8998866604680,9
VO0001,511,8993560033514,19
VO0001,511,8998866601542,1
VO0001,511,8998866601535,7
VO0001,512,8998866605106,18
VO0001,512,8998866605120,14
VO0001,512,8998866605113,13
VO0001,513,8999999406912,12
VO0001,513,8998866605137,4
VO0001,513,8998866605144,16
VO0001,514,8992779254406,1
VO0001,514,8998866605151,28
VO0001,515,8998866693592,2
VO0001,515,8993560081027,3
VO0001,515,8993560033279,24
VO0001,515,8998866601573,6
VO0001,515,8993560033804,10
VO0001,516,8992772195089,12
VO0001,516,8992772195096,17
VO0001,516,8992772195058,13
VO0001,516,8992772195027,17
VO0001,517,8992772193078,23
VO0001,517,8992772193047,32
VO0001,517,8992772193085,15
VO0001,517,8992772193061,21
VO0001,517,8992772193054,11
VO0001,517,8999999566760,21
VO0001,517,8999999565404,8
VO0001,517,8999999565305,6
VO0001,518,8992772198028,23
VO0001,518,8992772198042,23
VO0001,518,8992772198059,23
VO0001,519,8992772198035,27
VO0001,519,8992772198011,24
VO0001,520,8998866608879,29
VO0001,520,8998866608855,13
VO0001,520,8998866611114,21
VO0001,520,8998866608862,12
VO0001,521,8998866603393,1
VO0001,521,8998866605649,7
VO0001,521,8998866603416,4
VO0001,521,8998866603409,13
VO0001,521,8998866612258,2
VO0001,522,8999999560737,2
VO0001,522,8999999045616,8
VO0001,522,8999999526863,10
VO0001,522,8999999555122,6
VO0001,522,8999999045623,4
VO0001,522,8999999045623,5
VO0001,522,8999999526856,18
VO0001,522,8999999529291,2
VO0001,522,8999999057633,8
VO0001,523,8999999546090,10
VO0001,523,8999999525095,34
VO0001,523,8999999400903,11
VO0001,524,8999999534493,7
VO0001,524,8999999534530,5
VO0001,524,8999999524470,14
VO0001,525,8999999529260,19
VO0001,525,8999999524470,3
VO0001,525,8999999524456,13
VO0001,526,8999999525811,11
VO0001,526,8999999524524,8
VO0001,526,8999999525828,15
VO0001,526,8999999525651,12
VO0001,527,8999999400958,17
VO0001,527,8999999525675,14
VO0001,527,8999999525651,9
VO0001,528,8999999401023,5
VO0001,528,8999999400958,9
VO0001,528,8999999403188,5
VO0001,528,8999999403119,6
VO0001,529,8999999400996,1
VO0001,529,8999999525668,4
VO0001,529,8999999524517,3
VO0001,552,8992727006880,8
VO0001,552,8992727006910,13
VO0001,552,8998866608381,3
VO0001,553,8998866808262,14
VO0001,553,8998866808316,16
VO0001,553,8998866612371,1
VO0001,553,8998866614122,7
VO0001,554,8998866808361,16
VO0001,554,8998866808415,13
VO0001,554,8998866614122,13
VO0001,555,8998866608923,9
VO0001,555,8998866608930,6
VO0001,555,8998866611817,10
VO0001,555,8998866608893,1
VO0001,555,8998866609333,11
VO0001,556,8998866601849,2
VO0001,556,8998866602730,1
VO0001,556,8998866602747,5
VO0001,556,8998866601870,4
VO0001,556,8998866659666,2
VO0001,556,8998866604390,4
VO0001,556,8998866659574,10
VO0001,557,8998866613552,12
VO0001,557,8998866608909,6
VO0001,557,8998866604758,2
VO0001,557,8998866603737,4
VO0001,557,8998866613545,4
VO0001,557,8998866608909,6
VO0001,557,8998866804387,1
VO0001,557,8998866611824,2
VO0001,558,4902430716024,2
VO0001,558,4902430870979,12
VO0001,558,4902430872157,5
VO0001,558,4902430710008,2
VO0001,558,4902430358583,23
VO0001,560,4902430928779,12
VO0001,560,4902430627573,1
VO0001,560,4902430453028,12
VO0001,561,4902430340762,16
VO0001,561,4902430807692,15
VO0001,562,4902430928786,9
VO0001,562,4902430706742,17
VO0001,563,4902430693455,15
VO0001,563,4902430557139,14
VO0001,563,4902430557122,14
VO0001,563,4902430745703,16
VO0001,563,4902430803380,14
VO0001,564,4902430868792,1
VO0001,564,4902430716635,9
VO0001,564,4902430868778,4
VO0001,564,4902430731850,3
VO0001,564,4902430731645,3
VO0001,565,4902430622066,12
VO0001,565,4902430687355,11
VO0001,565,4902430823456,23
VO0001,566,4902430622080,15
VO0001,566,4902430823371,13
VO0001,566,4902430870986,13
VO0001,567,4902430693370,7
VO0001,567,4902430821995,27
VO0001,568,4902430731515,4
VO0001,568,4902430731591,4
VO0001,568,4902430723626,4
VO0001,568,4902430823432,6
VO0001,568,4902430823463,6
VO0001,569,4902430731515,2
VO0001,569,4902430731591,1
VO0001,569,4902430723626,2
VO0001,570,4902430504454,11
VO0001,570,4902430542753,13
VO0001,571,8992727005852,3
VO0001,571,4710363035996,5
VO0001,571,4710363035972,9
VO0001,571,8998866805438,6
VO0001,572,8999999514518,17
VO0001,572,8999999514495,17
VO0001,572,8992727006286,3
VO0001,572,8998866609173,7
VO0001,572,8998866803632,10
VO0001,572,8998866608985,5
VO0001,573,8999999526870,8
VO0001,573,8999999530419,9
VO0001,573,8999999551223,13
VO0001,573,8999999544409,11
VO0001,573,8999999534356,10
VO0001,574,8999999006006,19
VO0001,574,8999999042608,13
VO0001,574,8999999016128,7
VO0001,574,8999999551544,10
VO0001,575,8999999041748,9
VO0001,575,8999999541941,7
VO0001,576,8992727007603,1
VO0001,576,8992727007597,3
VO0001,577,4901301507532,4
VO0001,577,4710363035965,3
VO0001,577,8992727005890,4
VO0001,577,8998866609005,5
VO0001,577,8998866803656,5
VO0001,577,8998866808330,6
VO0001,577,8998866808439,6
VO0001,578,8992727002462,10
VO0001,578,8993335519038,9
VO0001,578,8993335516518,8
VO0001,578,8993335516778,10
VO0001,578,8993335514293,18
VO0001,579,8992727005487,5
VO0001,579,8992727000314,6
VO0001,579,8992727001489,5
VO0001,579,8992727001489,10
VO0001,580,8992727003070,10
VO0001,580,8992727003803,7
VO0001,580,8992727004381,3
VO0001,581,8992727005289,12
VO0001,581,8992727005302,2
VO0001,581,8992727005982,10
VO0001,582,8992979130012,2
VO0001,582,8992979120013,7
VO0001,582,8992929411000,12
VO0001,583,8999999558062,10
VO0001,583,8999999558079,14
VO0001,583,8999999558086,12
VO0001,583,8992727002844,6
VO0001,583,8992727005272,12
VO0001,583,8992727005296,12
VO0001,584,8999999042639,22
VO0001,584,8999999042646,17
VO0001,584,8999999042592,17
VO0001,584,8999999526894,18
VO0001,584,8992979190986,1
VO0001,584,8992929140207,2
VO0001,585,8998866609494,17
VO0001,585,8998866602594,1
VO0001,585,8993335517881,2
VO0001,585,8993335514996,1
VO0001,585,8992929140108,2
VO0001,586,8998866805414,12
VO0001,586,8998866605809,18
VO0001,586,8998866605816,9
VO0001,586,8998866605816,5
VO0001,587,8998866606769,17
VO0001,587,8998866608589,12
VO0001,587,8998866605199,8
VO0001,588,8998866612173,5
VO0001,588,8998866808231,11
VO0001,588,8998866803878,6
VO0001,589,8998866604949,2
VO0001,589,8998866607346,3
VO0001,589,8998866603898,3
VO0001,589,8998866608732,2
VO0001,590,8993335516471,10
VO0001,590,8992929140207,2
VO0001,590,8993335510783,12
VO0001,590,8998866608916,2
VO0001,590,8998866610100,1
VO0001,591,8993335517218,3
VO0001,591,8993335517133,2
VO0001,591,8998866603898,4
VO0001,591,8993335510783,5
VO0001,591,8992929411000,2
VO0001,592,8998866612180,4
VO0001,592,8998866608459,9
VO0001,592,8998866601429,2
VO0001,592,8998866604963,10
VO0001,593,8998866601436,18
VO0001,593,8998866608725,11
VO0001,594,8998866607353,13
VO0001,594,8998866604932,8
VO0001,594,8998866610223,5
VO0001,595,8998866612173,9
VO0001,595,8998866607315,1
VO0001,595,8998866803694,3
VO0001,596,8998866610438,12
VO0001,596,8998866608558,14
VO0001,597,8998866610421,3
VO0001,597,8998866610094,1
VO0001,598,8998866607346,2
VO0001,598,8998866612166,6
VO0001,599,8999999401221,12
VO0001,599,8999999520106,39
VO0001,599,8999999500641,11
VO0001,600,8999999401238,30
VO0001,601,8999999401238,35
VO0001,602,8999999530402,8
VO0001,602,8999999526887,6
VO0001,602,8999999518998,8
VO0001,602,8999999045265,1
VO0001,603,8999999534400,13
VO0001,603,8999999544416,13
VO0001,603,8999999500665,1
VO0001,604,8999999553111,6
VO0001,604,8999999544423,4
VO0001,604,8999999401245,5
VO0001,605,8999999401252,2
VO0001,605,8999999553128,7
VO0001,605,8999999553104,16
VO0001,530,8886020223474,8
VO0001,530,8886020223474,10
VO0001,530,8886020223450,10
VO0001,530,8886020223450,6
VO0001,530,8886020223238,13
VO0001,531,8886020223245,10
VO0001,531,8886020223481,12
VO0001,531,8886020223290,4
VO0001,532,8886030325908,1
VO0001,532,8886020223283,10
VO0001,533,8886020212607,28
VO0001,533,8886020212614,15
VO0001,533,8886020212638,13
VO0001,533,8886020212652,10
VO0001,533,8886020222057,9
VO0001,533,8886012781289,7
VO0001,533,8998990222019,9
VO0001,534,8886020223351,13
VO0001,534,8886020223344,15
VO0001,534,8886020223306,4
VO0001,534,8886020225058,8
VO0001,534,8991899204094,14
VO0001,535,8886012781227,12
VO0001,535,8886020225331,21
VO0001,535,8886020225300,10
VO0001,535,8886020225294,12
VO0001,535,8886020225324,11
VO0001,536,8992806903048,7
VO0001,537,8886020225096,5
VO0001,538,8886012781227,6
VO0001,538,8886012781289,12
VO0001,538,8886020222057,8
VO0001,538,8998990222019,16
VO0001,539,8992806723448,12
VO0001,539,8992806670056,17
VO0001,539,8992806740278,7
VO0001,539,8992806000303,12
VO0001,539,8992806715856,34
VO0001,539,8992806816836,36
VO0001,539,8992806000327,52
VO0001,539,8992806000204,11
VO0001,539,8859272202498,3
VO0001,539,8992806670056,17
VO0001,540,8992806135395,20
VO0001,540,8992806670056,3
VO0001,540,8859272202498,7
VO0001,541,8992806000426,15
VO0001,541,8992806000402,14
VO0001,541,8992806036647,27
VO0001,541,8992806036722,7
VO0001,542,8992806002314,3
VO0001,542,8992806001652,17
VO0001,542,8992806003977,16
VO0001,542,8992806745488,10
VO0001,543,8992806937463,11
VO0001,543,B21233,13
VO0001,543,8992806745228,7
VO0001,543,8992779024207,12
VO0001,543,8992779037207,12
VO0001,543,8992779022203,12
VO0001,544,8992779264405,4
VO0001,544,8992779281303,8
VO0001,544,8992779372902,9
VO0001,544,8992779269103,17
VO0001,544,8992779271106,10
VO0001,544,8992779274503,9
VO0001,544,8992779270307,4
VO0001,545,8992779281204,9
VO0001,545,8992779274305,8
VO0001,545,8992779261800,6
VO0001,545,8992779261909,5
VO0001,545,8992779275203,2
VO0001,545,8992745705130,6
VO0001,545,8992779014109,1
VO0001,546,8992779267505,15
VO0001,546,8992746700844,4
VO0001,546,8992779272301,6
VO0001,547,8992779268700,4
VO0001,547,8992779267901,8
VO0001,548,8998899001678,15
VO0001,548,8992779224003,1
VO0001,548,8992779224904,4
VO0001,551,C88269,6
VO0001,551,C92601,19
VO0001,551,C92602,6
VO0001,551,C64069,7
VO0001,551,C30131,1
VO0001,551,C11594,12
VO0001,551,C64070,10
VO0001,551,C92602,2
VO0001,551,C2378,7
VO0001,551,C88268,9
VO0001,606,8999999526870,5
VO0001,606,8999999041748,2
VO0001,606,8999999551544,6
VO0001,606,8999999525651,6
VO0001,606,8999999400903,12
VO0001,606,8992806135395,32
VO0001,606,8992806670056,33
VO0001,606,8992727006286,12
VO0001,606,8997031480029,12
VO0001,607,8993379255213,3
VO0001,607,8992806723448,30
VO0001,607,8999999403119,12
VO0001,607,8998866602730,12
VO0001,607,8998866610223,12
VO0001,607,8998866601870,12
VO0001,607,8993379255206,3
VO0001,607,8998866608909,8
VO0001,607,4710363035996,4
VO0001,607,8998866808361,12
VO0001,607,8998866659574,12
VO0001,607,8998866659666,9
VO0001,607,8999999057022,12
VO0001,607,8998866604390,12
VO0001,608,8998866659574,12
VO0001,608,8998866605649,12
VO0001,608,8998866601849,11
VO0001,608,8998866602747,4
VO0001,608,8998866659598,12
VO0001,608,8998866602723,7
VO0001,608,8998866601863,8
VO0001,608,8998866608558,4
VO0001,608,8998866601436,36
VO0001,608,8998866602716,8
VO0001,608,8998866605199,12
VO0001,608,8998866608725,12
VO0001,608,8998866612173,8
VO0001,608,8998866805414,6
VO0001,608,8998866608893,10
VO0001,608,8998866679596,12
VO0001,608,8998866602723,7
VO0001,608,8998866608985,8
VO0001,608,8998866679602,12
VO0001,608,8998866808415,12
VO0001,609,8993335517218,6
VO0001,609,8993335517218,6
VO0001,609,8992929413004,7
VO0001,609,8993335524568,6
VO0001,609,8992979130012,11
VO0001,609,8992979120013,14
VO0001,609,8993335516518,33
VO0001,609,8993335516471,12
VO0001,609,8997017120031,48
VO0001,609,8992929140207,4
VO0001,609,8998866803694,7
VO0001,609,8993335516778,7
VO0001,609,8997031480029,12
VO0001,609,8998866601436,1
VO0001,609,8992772198028,8
VO0001,609,8992772198035,13
VO0001,609,8993053211368,1
VO0001,609,8992727001731,1
VO0001,609,8993053141689,1
VO0001,609,8888336027661,1
VO0001,609,8998866602273,1
VO0001,609,8992772313056,1
VO0001,609,4902430542753,1
VO0001,609,4902430557139,1
VO0001,609,8997017120031,1
VO0001,609,8992911051238,1
VO0001,609,8992727004084,1
VO0001,609,8998866183208,2
VO0001,609,8998866105125,1
VO0001,609,8998183102111,5
VO0001,609,8998183102128,3
VO0001,609,8992857020411,1
VO0001,609,8998866670692,1
VO0001,609,8992959114810,1
VO0001,609,8992727004084,1
VO0001,609,8993417176234,1
VO0001,609,8997217180019,1
VO0001,609,8998866500128,1
VO0001,609,8992911011331,1
VO0001,609,4800060331603,1
VO0001,609,8991111102900,6
VO0001,609,8999999552503,12
VO0001,551,8992779235504,12
VO0001,551,8992745120131,12
VO0001,551,8992779156908,6
VO0001,551,8992779110900,12
VO0001,551,8992779141409,6
VO0001,551,8992779461101,6
VO0001,551,8992779052200,12
VO0001,551,8992745120216,6
VO0001,551,8992857080118,24
VO0001,625,8998183102142,26
VO0001,625,8992745320784,28
VO0001,625,8992745320067,4
VO0001,625,8992745325017,14
VO0001,625,8992745320135,12
VO0001,625,8992745325031,12
VO0001,625,8992745325963,7
VO0001,625,8992745325949,14
VO0001,625,8998183102135,35
VO0001,625,8993417229718,7
VO0001,625,8992803993240,18
VO0001,625,8992803993257,12
VO0001,625,8992759612530,40
VO0001,625,8886012883136,24
VO0001,626,8993053131239,39
VO0001,626,8992759134117,13
VO0001,626,8995230700016,115
VO0001,626,8992759612530,20
VO0001,626,8992931025080,6
VO0001,626,8992931005020,40
VO0001,631,8995230702294,22
VO0001,631,8992931001220,2
VO0001,631,8992759434026,11
VO0001,631,8993053121391,33
VO0001,631,8993053121032,12
VO0001,631,8993053121018,1
VO0001,630,8992759114348,403
VO0001,631,8995230703512,6
VO0001,631,8993053121360,7
VO0001,631,8992759313529,13
VO0001,631,8993053121179,1
VO0001,631,8995230700016,1
VO0001,632,4902430753340,2
VO0001,632,4902430753357,4
VO0001,632,4902430753364,1
VO0001,632,4902430753357,4
VO0001,632,4902430400947,5
VO0001,632,4902430418300,3
VO0001,632,4902430400886,4
VO0001,632,4902430792196,31
VO0001,633,4902430340762,3
VO0001,633,4902430928779,3
VO0001,633,4902430622066,3
VO0001,633,4902430622080,3
VO0001,634,4902430832748,3
VO0001,634,4902430624541,9
VO0001,634,4902430624534,9
VO0001,637,4902430869652,3
VO0001,637,3014260803957,2
VO0001,637,3014260803926,3
VO0001,637,4987176600554,17
VO0001,637,4987176008718,1
VO0001,638,4902430792851,1
VO0001,638,7702018965267,1
VO0001,639,8998899995113,1
VO0001,639,8998899400341,1
VO0001,639,8998899995397,1
VO0001,639,8998899995120,1
VO0001,639,8998899400228,2
VO0001,639,8998899004297,1
VO0001,639,8998899995670,1
VO0001,639,8998899940373,1
VO0001,639,8998899994802,1
VO0001,639,8998899995519,1
VO0001,635,041554443493,3
VO0001,635,8991380011422,3
VO0001,635,8991380010449,2
VO0001,635,8991380010470,3
VO0001,635,6902395762423,5
VO0001,635,6902395762430,4
VO0001,635,6902395762393,6
VO0001,635,6923492572456,3
VO0001,635,6902395682882,4
VO0001,635,6902395682875,3
VO0001,635,6902395706717,3
VO0001,635,6902395682929,3
VO0001,635,6902395706410,2
VO0001,635,6902395706113,2
VO0001,635,6902395706861,2
VO0001,635,6902395739630,1
VO0001,635,6902395739609,1
VO0001,635,6902395723073,2
VO0001,635,6902395723035,2
VO0001,635,8992771010000,5
VO0001,635,8992771008984,3
VO0001,635,8992771008946,4
VO0001,635,8992771010017,3
VO0001,635,8992771008991,9
VO0001,635,8992771008977,5
VO0001,635,8992771008601,12
VO0001,635,8992771008908,4
VO0001,635,8992771008878,4
VO0001,635,8992771008557,7
VO0001,635,8992771008434,1
VO0001,635,8992771008922,4
VO0001,635,8990090102437,6
VO0001,635,8992771002494,5
VO0001,635,8992771002487,5
VO0001,635,8990090102277,8
VO0001,635,8990090102253,1
VO0001,635,8990090102260,5
VO0001,635,8990090102284,14
VO0001,635,8990090102437,14
VO0001,635,8990090102451,12
VO0001,635,8990090102444,2
VO0001,635,8995026801224,1
VO0001,635,8995026801248,9
VO0001,635,8990090102031,7
VO0001,635,8992796145404,6
VO0001,635,8992796130448,2
VO0001,635,8992796130493,4
VO0001,635,8992796140430,6
VO0001,635,8990090102345,5
VO0001,635,8990090102703,2
VO0001,635,8990090102369,4
VO0001,635,8992821100965,2
VO0001,635,8992821100972,6
VO0001,635,8990090102390,2
VO0001,635,8992222071451,2
VO0001,635,8992222071123,1
VO0001,635,8992222071444,1
VO0001,635,8992222071857,3
VO0001,635,8992222072069,3
VO0001,636,8990090003789,24
VO0001,636,8992796157308,17
VO0001,636,8990090026368,2
VO0001,636,8990090020106,4
VO0001,636,8990090026375,6
VO0001,636,8990090020113,2
VO0001,636,8995151150884,7
VO0001,636,8995151140694,4
VO0001,636,8995151140700,4
VO0001,636,8995151140823,4
VO0001,636,8992796056076,2
VO0001,636,8992796056052,1
VO0001,636,8990090110012,3
VO0001,636,8990090110043,2
VO0001,636,8995151140816,6
VO0001,636,8992796045049,1
VO0001,636,8990090110029,3
VO0001,636,8990090100167,9
VO0001,636,8990090100150,14
VO0001,636,8995026801033,9
VO0001,636,8995026801026,8
VO0001,636,8992796011709,28
VO0001,636,B28751,6
VO0001,636,B28753,3
VO0001,636,B28752,1
VO0001,636,B28754,3
VO0001,636,B28729,2
VO0001,636,B63969,5
VO0001,636,B63971,6
VO0001,636,B63968,3
VO0001,636,B82114,5
VO0001,636,B63965,3
VO0001,636,B63972,5
VO0001,636,B63964,2
VO0001,636,B28725,4
VO0001,636,8994214546398,8
VO0001,636,8998989300070,20
VO0001,636,8994214115129,20
VO0001,636,8998989300087,17
VO0001,636,B8844,6
VO0001,636,B63998,4
VO0001,636,B63975,6
VO0001,636,B63980,2
VO0001,636,B63976,3
VO0001,636,B63981,5
VO0001,636,B28755,8
VO0001,636,B28756,3
VO0001,636,B72751,2
VO0001,636,B63983,3
VO0001,636,B88973,4
VO0001,636,B75713,2
VO0001,636,B63967,5
VO0001,636,B63966,3
VO0001,636,B28731,2
VO0001,636,B63968,1
VO0001,636,B29427,1
VO0001,636,B90710,7
VO0001,636,B28733,34
VO0001,636,B28735,3
VO0001,636,B28746,2
VO0001,636,B89293,4
VO0001,636,B89294,3
VO0001,636,B28736,4
VO0001,636,B88842,4
VO0001,636,B88843,5
VO0001,636,B90711,18
VO0001,636,B63973,2
VO0001,636,B63974,5
VO0001,636,B28742,2
VO0001,636,B90710,5
VO0001,636,4902430868778,1
VO0001,636,4902430872157,1
VO0001,636,4902430868815,1
VO0001,636,4902430928779,1