VO0001,1,8850507002913,12
VO0001,1,8990333164055,11
VO0001,1,8990333164079,13
VO0001,1,8990333164048,3
VO0001,1,8990333166059,14
VO0001,1,8990333166073,3
VO0001,1,8990333166059,1
VO0001,1,8990333166042,10
VO0001,1,8990800100012,8
VO0001,1,8990800006727,8
VO0001,1,8990800100050,7
VO0001,1,8990333162051,17
VO0001,1,8990333162044,7
VO0001,1,8990333162075,24
VO0001,1,8992825131477,26
VO0001,1,8991001503053,4
VO0001,1,8991001502933,1
VO0001,1,8991001502933,12
VO0001,1,8991001503053,12
VO0001,2,8993564101905,44
VO0001,2,8997009070047,28
VO0001,2,8997009070177,21
VO0001,2,8997009070351,25
VO0001,2,8997009070177,5
VO0001,2,8997009070535,4
VO0001,2,8997009070566,44
VO0001,2,8996196244255,31
VO0001,2,8996196244200,22
VO0001,2,8997035601390,9
VO0001,2,8997035600928,12
VO0001,2,8997035563476,6
VO0001,2,8997035600430,10
VO0001,2,8997035600720,9
VO0001,3,8998685179017,6
VO0001,3,8998685221013,10
VO0001,3,8998685177013,21
VO0001,3,8998685029008,25
VO0001,3,8998685175002,5
VO0001,3,8998685171004,31
VO0001,3,8998685028001,20
VO0001,4,8991115040093,13
VO0001,4,8998685013007,34
VO0001,4,8998685023006,25
VO0001,4,8998685011003,41
VO0001,4,8901393017281,6
VO0001,4,8998685225004,15
VO0001,4,8998685024003,14
VO0001,4,8998685014004,31
VO0001,5,8990800006727,11
VO0001,5,8990800100050,6
VO0001,5,8990800100012,11
VO0001,5,8991115000103,19
VO0001,5,8998685055304,22
VO0001,5,8998685052303,15
VO0001,5,8998685051306,9
VO0001,5,8998685057308,10
VO0001,5,8998685056301,14
VO0001,5,8998685054307,6
VO0001,5,8998685053300,20
VO0001,6,8991115011109,18
VO0001,6,8991115012106,10
VO0001,6,7610700601068,6
VO0001,6,7610700602393,3
VO0001,6,8992696520844,10
VO0001,6,8992696520813,12
VO0001,6,8992952190019,34
VO0001,6,8992952925444,23
VO0001,6,8997035563476,5
VO0001,6,8997035600430,11
VO0001,6,8997035600720,10
VO0001,6,8997035600928,6
VO0001,6,8992741956208,16
VO0001,6,8997009070535,20
VO0001,6,8998685012000,61
VO0001,6,8998685011003,24
VO0001,6,8998685013007,50
VO0001,6,8998685021002,30
VO0001,6,8998685225004,24
VO0001,6,8997035563476,12
VO0001,6,8997035601390,12
VO0001,6,8997035600720,12
VO0001,6,6921211114796,19
VO0001,6,8990800020341,1
VO0001,6,8998685014004,50
VO0001,7,8935001723769,10
VO0001,7,8992696520141,77
VO0001,7,8886020212669,4
VO0001,7,8998685111130,58
VO0001,7,8998685111147,23
VO0001,7,8998685111307,15
VO0001,7,8850507002272,9
VO0001,7,8850507002951,1
VO0001,7,8992952954093,11
VO0001,7,8992952954123,9
VO0001,8,9556001239754,37
VO0001,8,9556001670700,1
VO0001,8,95502489,1
VO0001,8,95502489,99
VO0001,9,9556001670700,43
VO0001,9,9556001227539,55
VO0001,9,9556001216144,36
VO0001,10,9556001227560,52
VO0001,10,9556001216267,41
VO0001,10,9556001222343,1
VO0001,10,9556001029362,28
VO0001,10,749921040350,1
VO0001,11,8992957361148,33
VO0001,11,8992957361049,58
VO0001,11,8992957351040,44
VO0001,11,8992952954246,12
VO0001,11,8992952954246,6
VO0001,11,8992952954253,15
VO0001,11,8992952954239,3
VO0001,11,8992957251562,1
VO0001,11,8992957251593,11
VO0001,11,8993016153506,20
VO0001,11,8992952132507,14
VO0001,12,8886020212669,7
VO0001,12,8901233026510,1
VO0001,12,7622210681614,14
VO0001,12,7622210086679,11
VO0001,12,7622210398055,18
VO0001,12,8901233024233,5
VO0001,12,8901233024271,3
VO0001,13,8991001122032,6
VO0001,13,8991001122056,8
VO0001,13,8991001122049,7
VO0001,13,8991001122018,16
VO0001,13,8991001121998,13
VO0001,13,8991001122001,15
VO0001,13,8991001122049,10
VO0001,13,7622210816979,12
VO0001,13,7614500010617,11
VO0001,13,7614500010013,18
VO0001,14,8991001502926,15
VO0001,14,8991001503169,5
VO0001,14,8991001503107,5
VO0001,14,8991001501097,7
VO0001,14,8991001502254,2
VO0001,14,7614500010310,9
VO0001,14,7614500010310,20
VO0001,14,8901233026510,7
VO0001,15,8991001122094,13
VO0001,15,8991001004062,3
VO0001,15,8991001004055,3
VO0001,15,8991001122018,10
VO0001,15,8991001661746,21
VO0001,15,8991001503107,20
VO0001,16,8991001111869,12
VO0001,16,8991001111722,10
VO0001,16,8991001111715,17
VO0001,16,8991001111647,3
VO0001,16,8991001121400,20
VO0001,16,8991001121455,21
VO0001,16,8991001121455,9
VO0001,16,8991001121387,15
VO0001,16,8991001121370,18
VO0001,16,8991001121370,1
VO0001,16,8991001121615,12
VO0001,16,8991001111319,30
VO0001,16,8991001111289,23
VO0001,16,8991001111296,24
VO0001,16,8991001111647,3
VO0001,16,8991001111883,19
VO0001,16,8996001600498,1
VO0001,16,8991001121387,10
VO0001,17,43944629,4
VO0001,17,43761339,3
VO0001,17,43944647,3
VO0001,17,8999269471046,1
VO0001,17,8999269481045,2
VO0001,17,8992802006026,3
VO0001,17,8992802006026,3
VO0001,17,8992802006026,3
VO0001,17,8992802006026,3
VO0001,17,8992802006019,9
VO0001,17,8992802009010,6
VO0001,18,8999269100212,3
VO0001,18,8999269420211,3
VO0001,18,8999269430210,3
VO0001,18,8999269430210,4
VO0001,18,8992802004046,9
VO0001,18,8992802004022,4
VO0001,18,8992802004015,5
VO0001,19,8997204780840,8
VO0001,19,8997204780857,6
VO0001,19,8997204781076,6
VO0001,19,8997204780833,6
VO0001,19,8997204780826,7
VO0001,19,8997204780819,5
VO0001,19,8992802004039,9
VO0001,19,8992802004046,1
VO0001,19,9556586601274,2
VO0001,19,9556586602196,5
VO0001,19,7613032526498,3
VO0001,20,8998009010224,5
VO0001,20,8998009010255,2
VO0001,20,8998009010248,4
VO0001,20,8998009010231,2
VO0001,20,8998009011740,8
VO0001,20,8998009011702,4
VO0001,20,8993007005708,1
VO0001,20,8993007000109,2
VO0001,20,8993007005975,1
VO0001,20,8992753700509,4
VO0001,20,8993007006392,6
VO0001,20,8993007006408,8
VO0001,20,8993351124001,3
VO0001,20,8993351124100,6
VO0001,20,8993351124209,8
VO0001,20,711844167001,10
VO0001,20,711844162419,1
VO0001,21,8992753700103,5
VO0001,21,8992753184200,3
VO0001,21,8992753182206,5
VO0001,21,749921030405,7
VO0001,21,749921006868,5
VO0001,21,749921030580,5
VO0001,21,749921030634,3
VO0001,21,749921030658,16
VO0001,21,749921040466,9
VO0001,21,749921040299,5
VO0001,21,8992918401111,2
VO0001,21,8997002051401,3
VO0001,21,8853333004953,7
VO0001,21,8992753172207,10
VO0001,21,8992702005921,5
VO0001,21,8992702005976,7
VO0001,21,8992702005945,8
VO0001,22,8998009040306,3
VO0001,22,749921011145,11
VO0001,22,8998009030031,6
VO0001,22,711844160118,1
VO0001,22,711844160019,5
VO0001,22,711844160033,1
VO0001,22,711844160057,4
VO0001,22,711844160071,12
VO0001,22,711844160095,8
VO0001,22,8998009020186,7
VO0001,23,8850389108055,4
VO0001,23,8850389108062,3
VO0001,23,8997035111110,4
VO0001,23,8997035601222,2
VO0001,23,8993200664054,6
VO0001,23,8993200664085,10
VO0001,23,8992772586023,6
VO0001,23,8995227502074,11
VO0001,23,8995227500247,10
VO0001,23,8995227500278,9
VO0001,24,8997009781202,5
VO0001,24,8992772485029,1
VO0001,24,8993351120447,21
VO0001,24,8995227500261,22
VO0001,24,8997002050411,2
VO0001,24,8997220410028,4
VO0001,24,8997220410035,19
VO0001,24,8997035563544,2
VO0001,24,8995181603411,1
VO0001,24,8995181603435,1
VO0001,24,749921030382,9
VO0001,24,749921030450,4
VO0001,25,A734335,4
VO0001,25,8997218380128,8
VO0001,25,8997035563414,2
VO0001,25,8997035601383,3
VO0001,25,8992775712603,8
VO0001,25,8992388101016,3
VO0001,25,8992388101054,1
VO0001,25,749921040220,1
VO0001,25,8997009780236,1
VO0001,25,8997009781134,1
VO0001,25,8997009780243,3
VO0001,25,8997212800035,1
VO0001,26,8992761111014,20
VO0001,26,8992761111038,4
VO0001,26,8992761111045,30
VO0001,27,8992761002039,6
VO0001,26,8992761002015,1
VO0001,27,8992761122331,2
VO0001,27,8992761122317,10
VO0001,28,8992761122485,7
VO0001,28,8992761151119,7
VO0001,28,8992761151157,2
VO0001,29,8992761166205,13
VO0001,29,8992761002039,6
VO0001,30,8992761136031,3
VO0001,30,8992761136055,8
VO0001,31,8993351120416,6
VO0001,31,8993351120409,7
VO0001,31,8993351120454,4
VO0001,31,8993351120430,4
VO0001,31,8993351120423,3
VO0001,31,8993200661336,3
VO0001,31,8993200661350,22
VO0001,32,8993200661305,16
VO0001,32,8993200661336,16
VO0001,32,8993200661657,22
VO0001,32,8993200663057,16
VO0001,33,A85092,14
VO0001,33,A81067,9
VO0001,34,A81067 ,10
VO0001,35,8993200661305,7
VO0001,36,8992994110112,120
VO0001,37,8992696404441,74
VO0001,37,8992696417922,10
VO0001,38,8992696417922,18
VO0001,38,8992696417946,28
VO0001,38,8992696428812,7
VO0001,39,8992696428812,13
VO0001,39,8992696422650,1
VO0001,39,9556001054005,6
VO0001,39,9556001025272,7
VO0001,40,9556001174659,3
VO0001,40,9556001051509,5
VO0001,41,8992696422735,5
VO0001,41,8992696423749,12
VO0001,41,8992696523081,6
VO0001,41,8992696521643,5
VO0001,41,8992696430266,11
VO0001,43,8998866201568,160
VO0001,43,8998866202619,40
VO0001,43,8998866200325,40
VO0001,43,8888327831857,40
VO0001,43,089686011036,40
VO0001,43,8998866200929,40
VO0001,44,8993500261021,23
VO0001,44,8993500261137,34
VO0001,45,8997211000023,21
VO0001,49,089686043433,160
VO0001,49,089686011036,120
VO0001,50,A86886,12
VO0001,51,A86886,18
VO0001,52,A71351,11
VO0001,53,A71351,14
VO0001,54,8995228202379,47
VO0001,55,8992388134939,40
VO0001,55,8993093665022,25
VO0001,55,089686010718,40
VO0001,55,8888327831871,40
VO0001,55,8998866200332,40
VO0001,55,089686915044,40
VO0001,55,8888327831253,40
VO0001,56,8997225470003,36
VO0001,57,8997005870023,35
VO0001,58,8997005870023,40
VO0001,59,8997015750018,5
VO0001,59,8997015750032,61
VO0001,60,8997015750018,24
VO0001,61,8998866200301,280
VO0001,62,8993496001083,41
VO0001,63,8993496106863,22
VO0001,63,8993496001083,13
VO0001,64,8993496106863,18
VO0001,64,8993496001083,16
VO0001,65,8993496001076,5
VO0001,66,8993496106870,3
VO0001,66,8993496001076,8
VO0001,67,8998866200301,560
VO0001,68,8992628022156,44
VO0001,69,8992628022156,30
VO0001,70,8992628032155,13
VO0001,71,8992628020152,18
VO0001,72,8992628020152,16
VO0001,73,8998866200301,160
VO0001,73,8998866200325,120
VO0001,73,089686017700,280
VO0001,73,8998866200332,80
VO0001,74,8992826111072,26
VO0001,75,8992628034159,14
VO0001,75,8992826111072,19
VO0001,76,8992628034159,9
VO0001,76,8993496106504,27
VO0001,77,8998225800043,15
VO0001,78,8992826111089,16
VO0001,79,089686017700,160
VO0001,79,089686043495,80
VO0001,79,089686017137,120
VO0001,79,8998866200578,40
VO0001,80,8993379500221,31
VO0001,81,8993379500221,22
VO0001,82,8993379500238,6
VO0001,83,8993379500238,10
VO0001,84,8992826111089,13
VO0001,85,8993047301112,12
VO0001,85,089686017748,24
VO0001,85,8992388121045,24
VO0001,85,089686018059,48
VO0001,85,8998866200981,36
VO0001,86,8998866501026,25
VO0001,87,8998866501026,23
VO0001,88,8993093664704,15
VO0001,88,8993093666289,1
VO0001,89,8998866501033,7
VO0001,90,8998866501026,1
VO0001,90,8998866501033,13
VO0001,91,8991688890101,9
VO0001,91,8991688890682,8
VO0001,91,8991688890484,6
VO0001,91,089686043433,100
VO0001,91,089686043433,100
VO0001,91,089686010046,40
VO0001,91,089686061123,72
VO0001,91,089686060461,24
VO0001,91,089686060775,12
VO0001,91,089686067002,12
VO0001,92,8993018113102,13
VO0001,92,8993018116004,6
VO0001,93,8993018519010,2
VO0001,93,8993018116004,7
VO0001,94,8993018519010,2
VO0001,94,8993018519003,4
VO0001,95,8993018519010,8
VO0001,95,8993018519003,8
VO0001,96,8993018110224,15
VO0001,96,8993018110217,11
VO0001,97,089686010107,40
VO0001,97,089686040166,60
VO0001,97,089686000061,20
VO0001,97,8997222130191,80
VO0001,98,8993379500122,35
VO0001,99,8997212611068,11
VO0001,99,749921002556,20
VO0001,100,8993077880809,15
VO0001,101,8993077880809,10
VO0001,101,8997212611174,6
VO0001,102,8997034020246,23
VO0001,102,8993496104012,10
VO0001,102,8993496103015,1
VO0001,103,089686060102,48
VO0001,103,8888900610114,18
VO0001,103,8888900620113,36
VO0001,103,8888900600115,10
VO0001,103,8888900610114,4
VO0001,103,8997222130207,60
VO0001,103,8997222130191,40
VO0001,104,8993496105019,85
VO0001,105,8993077880700,4
VO0001,105,8993496105019,25
VO0001,106,8993018110118,1
VO0001,106,8993018110101,16
VO0001,107,8997212611174,13
VO0001,107,8997212611068,7
VO0001,108,8993018110514,5
VO0001,108,8992628010139,7
VO0001,109,8992388134939,40
VO0001,109,8992388112401,80
VO0001,109,8888327831130,80
VO0001,109,8888327831178,120
VO0001,109,089686010107,80
VO0001,110,8410179100050,11
VO0001,110,8410179200835,10
VO0001,110,8410179300849,7
VO0001,111,8410179200828,4
VO0001,111,770099199915,5
VO0001,112,749921002532,22
VO0001,112,770099199915,6
VO0001,113,8850345911293,4
VO0001,113,770099199922,8
VO0001,114,8993496101011,6
VO0001,115,8993110000188,4
VO0001,115,8993110000171,48
VO0001,115,8995555121244,2
VO0001,112,8995555111221,1
VO0001,115,8993110071126,1
VO0001,115,8995555171225,7
VO0001,115,8993110071119,3
VO0001,115,8995555121244,6
VO0001,117,8997021220154,37
VO0001,117,8997021220161,41
VO0001,118,8995106500863,14
VO0001,118,8993334100039,9
VO0001,118,8993334100022,11
VO0001,118,8995106500856,12
VO0001,118,A29866,1
VO0001,119,8993334100046,13
VO0001,119,8993334204669,7
VO0001,119,8993334100022,8
VO0001,119,8995106500863,2
VO0001,119,8995106500856,4
VO0001,121,8998888712295,16
VO0001,121,8992804900797,3
VO0001,121,8992804901046,35
VO0001,122,8888900620113,4
VO0001,122,8888900610114,5
VO0001,122,8888900600115,19
VO0001,122,089686190106,3
VO0001,122,8888900400111,13
VO0001,123,8888900532058,15
VO0001,123,8888900522059,8
VO0001,123,8888900400111,7
VO0001,123,8888900400319,2
VO0001,124,8888900415009,14
VO0001,124,8888900415030,5
VO0001,124,8888900415061,21
VO0001,124,8888900320112,4
VO0001,125,8888900515044,3
VO0001,125,8888900515020,6
VO0001,125,8998866200981,2
VO0001,126,8888900502075,16
VO0001,125,8888900502020,7
VO0001,125,8888900500910,24
VO0001,127,8992804901251,19
VO0001,127,8992804901268,19
VO0001,127,8992804901244,29
VO0001,127,8998866200820,12
VO0001,128,8993118731077,65
VO0001,128,8993118731022,21
VO0001,129,8997004060487,10
VO0001,129,8997004060289,1
VO0001,129,8997004060470,9
VO0001,129,8997004060029,6
VO0001,129,8997004060302,3
VO0001,130,8991688890101,18
VO0001,130,8991688890484,10
VO0001,130,8991688890682,15
VO0001,130,8991688890699,9
VO0001,131,8994291101046,28
VO0001,131,089686000016,12
VO0001,131,089686000061,13
VO0001,132,8993093142509,6
VO0001,132,8993047301112,11
VO0001,132,8994061800476,10
VO0001,132,8888900502068,5
VO0001,133,8998866202671,2
VO0001,133,089686061024,5
VO0001,133,089686061123,15
VO0001,134,089686010947,59
VO0001,135,089686010947,64
VO0001,136,089686910704,6
VO0001,136,089686010947,75
VO0001,137,8993093665022,46
VO0001,137,8993093664889,23
VO0001,137,8993093665015,12
VO0001,137,089686043495,48
VO0001,137,8993093664865,2
VO0001,138,8993093664865,35
VO0001,138,089686010718,96
VO0001,138,8997011700031,3
VO0001,139,089686061079,25
VO0001,139,089686060775,17
VO0001,139,089686060362,25
VO0001,140,089686043433,97
VO0001,141,089686011036,111
VO0001,142,089686043204,86
VO0001,143,089686040166,98
VO0001,144,089686017700,73
VO0001,144,089686017076,63
VO0001,144,089686017137,46
VO0001,145,089686060126,13
VO0001,145,089686067002,2
VO0001,146,089686910384,70
VO0001,147,089686010343,120
VO0001,148,089686010343,100
VO0001,149,089686915044,32
VO0001,149,089686044119,50
VO0001,150,089686915044,46
VO0001,150,089686018011,34
VO0001,150,089686017748,16
VO0001,151,089686060461,8
VO0001,151,089686060027,22
VO0001,151,089686060102,7
VO0001,151,089686060744,4
VO0001,152,089686010527,95
VO0001,153,089686010107,128
VO0001,154,089686010015,53
VO0001,155,089686010046,124
VO0001,156,089686048704,11
VO0001,156,089686017717,39
VO0001,157,8998866200844,1
VO0001,157,8998866200813,15
VO0001,157,8998866202404,8
VO0001,157,8992388112678,20
VO0001,158,8998866200301,54
VO0001,158,8998866200448,61
VO0001,159,8998866200318,54
VO0001,159,8998866200332,61
VO0001,160,8998866200578,62
VO0001,160,8998866200509,56
VO0001,161,8998866200929,64
VO0001,161,8998866201568,49
VO0001,162,8998866200325,73
VO0001,162,8998866201346,64
VO0001,163,8992388121021,9
VO0001,163,8992388121045,9
VO0001,163,8992388121090,12
VO0001,164,8888327831857,70
VO0001,164,8888327831840,55
VO0001,165,8888327831253,75
VO0001,165,8888327831178,4
VO0001,165,8888327831871,31
VO0001,166,8888327831123,69
VO0001,166,8888327831130,49
VO0001,167,8995899210215,112
VO0001,167,8998866200882,4
VO0001,167,8998866200912,2
VO0001,168,8998866202619,167
VO0001,169,8992388121090,3
VO0001,169,8992388121038,12
VO0001,169,8998866202312,10
VO0001,169,8998866202237,20
VO0001,170,8992388134939,58
VO0001,170,8992388132317,65
VO0001,171,8992388111138,59
VO0001,171,8992388112401,54
VO0001,172,8992388111145,69
VO0001,172,8992388132324,10
VO0001,172,8992388111206,19
VO0001,173,8997222130016,16
VO0001,173,8997222130207,12
VO0001,173,8997222130191,26
VO0001,174,8997212600031,21
VO0001,174,8997212600178,13
VO0001,174,8992718853158,19
VO0001,174,8992718853530,17
VO0001,175,8997009070986,12
VO0001,175,8997009070993,9
VO0001,175,8997009070979,9
VO0001,176,8888327831925,45
VO0001,177,8888327831932,15
VO0001,177,8888327831116,19
VO0001,178,8888327831918,3
VO0001,178,8888327831086,18
VO0001,178,8997212600024,23
VO0001,179,8992718853639,16
VO0001,179,8992718853561,19
VO0001,180,8992718853752,22
VO0001,180,8992718853530,5
VO0001,180,8992718853783,22
VO0001,180,8852018230014,30
VO0001,181,8999999100506,44
VO0001,182,8999999100506,34
VO0001,183,4902931110178,73
VO0001,184,4902931110178,61
VO0001,185,8719200171404,26
VO0001,186,8719200170995,1
VO0001,186,8719200171466,23
VO0001,187,089686400816,10
VO0001,187,089686400427,31
VO0001,187,089686401721,20
VO0001,187,089686401011,19
VO0001,187,089686400526,31
VO0001,187,089686400229,1
VO0001,188,089686400359,3
VO0001,188,089686401745,7
VO0001,188,711844130128,6
VO0001,188,711844120419,8
VO0001,188,711844120440,12
VO0001,189,089686400861,12
VO0001,189,089686400465,8
VO0001,189,089686401769,9
VO0001,189,8998888710147,3
VO0001,189,8998888710543,17
VO0001,190,089686400564,8
VO0001,190,711844130012,19
VO0001,190,711844120099,23
VO0001,191,089686400762,36
VO0001,191,089686400861,3
VO0001,191,089686400267,10
VO0001,191,711844130128,22
VO0001,192,8992736211275,13
VO0001,192,8992736111179,15
VO0001,192,8992736111070,14
VO0001,192,8998888710505,13
VO0001,192,8998888710109,13
VO0001,193,8992736216201,27
VO0001,193,8992736111407,10
VO0001,193,711844120082,17
VO0001,193,711844120037,15
VO0001,193,711844120105,36
VO0001,193,8998888710161,30
VO0001,193,8998888710567,29
VO0001,194,8992736239217,15
VO0001,194,8992736139111,28
VO0001,194,8992736113418,22
VO0001,194,8999999530969,19
VO0001,195,8998888710116,12
VO0001,195,8998888710512,13
VO0001,195,8999999558406,19
VO0001,195,8999999558420,21
VO0001,196,8991003070362,5
VO0001,196,8991003070355,11
VO0001,196,8991003070379,16
VO0001,196,8999999530983,22
VO0001,197,711844120075,12
VO0001,197,8998888710512,8
VO0001,197,649626016059,5
VO0001,197,8991003070386,5
VO0001,197,8998888710215,2
VO0001,197,711844120013,11
VO0001,197,711844130012,8
VO0001,198,089686401776,34
VO0001,198,089686400397,6
VO0001,198,711844120341,16
VO0001,198,711844120310,19
VO0001,198,089686405163,31
VO0001,199,8998888710598,12
VO0001,199,8998888710574,11
VO0001,199,8998866202275,4
VO0001,200,8998866608039,78
VO0001,200,8999999514006,46
VO0001,200,8998866202275,46
VO0001,201,8999999012625,17
VO0001,201,8999999514617,23
VO0001,202,8999999100506,55
VO0001,203,8999999100506,17
VO0001,204,711844130050,2
VO0001,204,8998866609647,17
VO0001,204,8998866608060,21
VO0001,204,8994907000466,7
VO0001,205,8998888710178,3
VO0001,205,8998888710192,15
VO0001,205,089686420210,19
VO0001,206,711844110182,36
VO0001,206,089686401820,25
VO0001,207,8998866608084,9
VO0001,207,7118441101378,11
VO0001,207,A80528,5
VO0001,208,8998866202268,3
VO0001,208,089686420678,7
VO0001,208,A80527,4
VO0001,209,8997151800011,4
VO0001,209,711844110021,9
VO0001,209,711844110052,6
VO0001,209,711844115033,6
VO0001,209,8998866608824,4
VO0001,210,089686420036,50
VO0001,210,711844110113,41
VO0001,211,8999999002503,58
VO0001,211,8998866608008,50
VO0001,212,8999999002503,38
VO0001,212,711844110083,15
VO0001,212,089686420029,13
VO0001,212,749921003027,2
VO0001,213,8992917193505,8
VO0001,213,711844140127,7
VO0001,213,711844140028,5
VO0001,213,711844140219,21
VO0001,214,8997021040011,8
VO0001,214,8997021040059,2
VO0001,214,8996168442207,8
VO0001,214,A65513,9
VO0001,214,8992917196537,3
VO0001,214,9556403100249,24
VO0001,213,A4596,13
VO0001,214,A12099,4
VO0001,215,8996168442177,31
VO0001,215,8991003070393,19
VO0001,215,9556001001474,3
VO0001,215,8992696403109,14
VO0001,216,8997151800035,2
VO0001,216,711844140417,14
VO0001,216,8992696403116,14
VO0001,216,9556001001474,5
VO0001,217,8996168442184,14
VO0001,217,649626016097,1
VO0001,217,8991003678612,3
VO0001,217,8991003014021,5
VO0001,217,8991003014045,7
VO0001,218,8998888461254,17
VO0001,218,8998888462190,67
VO0001,218,8998888461810,45
VO0001,218,8998888461117,43
VO0001,218,8998888461315,11
VO0001,219,9556403100218,11
VO0001,219,8998888461384,13
VO0001,219,8998888461186,5
VO0001,219,8998888461124,8
VO0001,219,8998888461322,18
VO0001,220,8992804900834,10
VO0001,220,8992804900841,26
VO0001,220,8992804900889,32
VO0001,220,8992804900254,79
VO0001,220,8992804901183,47
VO0001,221,8992804113401,22
VO0001,221,8992804119816,34
VO0001,221,8992804900407,43
VO0001,221,8992804900360,29
VO0001,221,8992804901190,18
VO0001,222,8992804900643,49
VO0001,222,8992804900650,38
VO0001,222,8992804901213,35
VO0001,222,8992804900414,20
VO0001,223,8999005012052,18
VO0001,223,8999005062026,14
VO0001,223,8999005010041,24
VO0001,223,8999005020019,23
VO0001,223,8999005000028,11
VO0001,223,711844330016,9
VO0001,223,711844330115,12
VO0001,223,8992804153254,4
VO0001,223,8992804143255,1
VO0001,224,8997027906243,24
VO0001,224,8992987003070,22
VO0001,224,8992987003063,8
VO0001,224,8992987003032,20
VO0001,224,8992987002028,23
VO0001,224,8992947834256,14
VO0001,224,8992987834445,20
VO0001,224,8992987001021,15
VO0001,224,8992987003025,5
VO0001,224,8992987003049,8
VO0001,224,8992987003056,2
VO0001,224,8997027904614,8
VO0001,224,8995899250334,24
VO0001,224,8991188943536,32
VO0001,224,8999005012021,19
VO0001,224,8999005012052,6
VO0001,225,8999005012021,18
VO0001,225,8993297521551,16
VO0001,225,8998006010005,22
VO0001,225,8992987001014,22
VO0001,225,8992987001038,20
VO0001,225,8992987002011,21
VO0001,226,8888327121019,30
VO0001,226,8888327121040,12
VO0001,226,4902931110185,9
VO0001,226,8993322101550,8
VO0001,226,711844330146,14
VO0001,226,711844330108,15
VO0001,227,8998888712622,27
VO0001,227,8993523102165,35
VO0001,227,8993523101021,14
VO0001,227,8993523101199,2
VO0001,227,8993523101786,9
VO0001,227,8993523101304,2
VO0001,227,8993523101212,7
VO0001,227,8993523101137,32
VO0001,228,8993523101014,13
VO0001,228,8993523101205,12
VO0001,228,8993523101816,5
VO0001,228,8993523101229,13
VO0001,228,8993523101175,27
VO0001,229,8998006010623,5
VO0001,229,8888327121026,35
VO0001,229,8888327121071,15
VO0001,229,8998006011637,8
VO0001,229,8993322104254,26
VO0001,229,4902931110178,32
VO0001,229,8998006011033,4
VO0001,173,8999999001155,12
VO0001,173,8999999001162,4
VO0001,173,8999999027247,7
VO0001,173,8999999530280,4
VO0001,173,8999999009595,2
VO0001,173,8999999009601,2
VO0001,173,8999999036997,4
VO0001,173,8992727000567,7
VO0001,173,8992727006507,2
VO0001,173,8992727000406,3
VO0001,173,8992727004107,1
VO0001,173,8992727001663,1
VO0001,173,8992727005470,1
VO0001,173,8999999541996,3
VO0001,173,8999999559519,2
VO0001,174,8999999530266,10
VO0001,174,8999999001216,5
VO0001,174,8999999001230,10
VO0001,174,8999999027254,6
VO0001,174,8999999530273,13
VO0001,174,8999999541996,6
VO0001,174,8999999036492,1
VO0001,174,8992727000543,6
VO0001,174,8992727003858,2
VO0001,174,8992727001656,2
VO0001,174,8992727000383,11
VO0001,174,8992727007016,12
VO0001,174,8992727002561,7
VO0001,175,8999999559519,8
VO0001,175,8999999026400,4
VO0001,175,8992727000550,5
VO0001,175,8992727003865,6
VO0001,175,8992727004992,12
VO0001,175,8992727001663,13
VO0001,175,8992727006989,8
VO0001,175,8992727000390,2
VO0001,175,8992727004107,4
VO0001,175,8992727006057,5
VO0001,175,8992727002585,13
VO0001,176,8999999036492,7
VO0001,176,8999999530051,3
VO0001,176,8998866609371,19
VO0001,176,8998866609364,12
VO0001,176,9555630505087,9
VO0001,176,9556111621043,3
VO0001,176,8998866800068,7
VO0001,176,8998866601238,10
VO0001,176,8998866800075,9
VO0001,176,8998866800082,13
VO0001,177,8999999542191,5
VO0001,177,8999999514693,7
VO0001,177,8999999036546,8
VO0001,177,8999999550493,11
VO0001,177,8999999036539,8
VO0001,177,8999999552343,8
VO0001,177,8999999528218,8
VO0001,177,8999999528225,6
VO0001,177,8992946519369,7
VO0001,177,8992946513350,12
VO0001,177,8999999542191,2
VO0001,177,9555630505087,1
VO0001,177,8999999026400,3
VO0001,178,9555436903711,4
VO0001,178,9555436903704,7
VO0001,178,9555436903728,1
VO0001,178,9555436903469,7
VO0001,178,8994051120454,5
VO0001,178,8994051120447,3
VO0001,178,8994051120461,7
VO0001,178,8994051120430,5
VO0001,179,8999999559526,15
VO0001,179,8999999027261,1
VO0001,179,8999999530259,8
VO0001,179,8999999530242,13
VO0001,179,8999999538200,10
VO0001,180,8999999005443,21
VO0001,180,8999999001124,16
VO0001,180,8999999027278,11
VO0001,180,8999999530228,25
VO0001,180,8999999530235,1
VO0001,181,8999999001094,26
VO0001,181,8999999001117,14
VO0001,181,8998866602983,12
VO0001,181,8998866602969,2
VO0001,181,8998866611503,9
VO0001,181,8998833302976,1
VO0001,182,8999999530242,5
VO0001,182,8992727001328,7
VO0001,182,8992727003872,23
VO0001,182,8992727006538,8
VO0001,182,8992727005005,18
VO0001,182,8999999056186,6
VO0001,183,8999999036546,12
VO0001,183,8998824551476,3
VO0001,183,8998824551445,4
VO0001,183,8998824551452,4
VO0001,183,8992727001724,1
VO0001,183,8992727003889,10
VO0001,184,8993038018098,5
VO0001,184,8993038018081,5
VO0001,184,8992727005012,12
VO0001,184,8992727006545,13
VO0001,184,8993038018302,1
VO0001,184,8993005301109,7
VO0001,185,8994051120515,5
VO0001,185,8994051120485,4
VO0001,185,9555476706105,6
VO0001,185,9555436903841,3
VO0001,186,8999999514648,32
VO0001,186,8999999030926,20
VO0001,186,8999999036867,6
VO0001,187,8999999036829,18
VO0001,187,8999999036942,26
VO0001,187,8999999036898,21
VO0001,188,8999999552350,23
VO0001,188,8999999036904,20
VO0001,188,8999999057695,15
VO0001,188,8998866609456,11
VO0001,188,8998866609470,9
VO0001,188,8998866609463,9
VO0001,189,8999999043674,20
VO0001,189,8999999036843,13
VO0001,189,8999999542214,1
VO0001,189,8999999036836,29
VO0001,190,8998866609739,6
VO0001,190,8998866611473,6
VO0001,190,8998866609746,12
VO0001,190,8998866609722,4
VO0001,190,8998866609753,8
VO0001,190,8998866609432,24
VO0001,191,8998866806022,20
VO0001,191,8998866806015,4
VO0001,191,8998866806039,5
VO0001,191,8998866609777,3
VO0001,191,8998866609760,4
VO0001,191,8998866609449,9
VO0001,191,8998866609425,1
VO0001,192,8999999515621,2
VO0001,192,8992946522277,1
VO0001,192,8999999515607,5
VO0001,192,8999999535889,10
VO0001,192,8999999535896,7
VO0001,193,8999999017804,13
VO0001,193,8999999024475,10
VO0001,193,8999999531430,2
VO0001,194,8999999024482,22
VO0001,194,8999999004224,15
VO0001,194,8999999510541,1
VO0001,194,8999999023997,1
VO0001,194,8999999530112,3
VO0001,194,8999999530099,3
VO0001,195,8992727002066,8
VO0001,195,8992727006996,10
VO0001,195,8992727006170,4
VO0001,195,8992727001342,6
VO0001,195,8992727004114,9
VO0001,195,8992727007030,11
VO0001,195,8992727006064,8
VO0001,195,8992727002578,3
VO0001,196,8999999569303,3
VO0001,196,8999999028466,5
VO0001,196,8993560026028,10
VO0001,197,8992727006996,10
VO0001,197,8992727007009,1
VO0001,197,8992727007047,1
VO0001,197,8992727006071,7
VO0001,197,8992727005692,11
VO0001,198,8998824551476,3
VO0001,198,8998824551469,2
VO0001,198,8998824551452,2
VO0001,198,8999225782049,9
VO0001,198,8999225782681,10
VO0001,198,8999225782506,1
VO0001,198,8999225783770,8
VO0001,198,8999225783732,8
VO0001,198,8999225782520,9
VO0001,198,8999225783114,8
VO0001,198,8999225783169,8
VO0001,199,8993417282225,2
VO0001,199,8993417282218,3
VO0001,199,8999999004248,14
VO0001,199,8999225782667,4
VO0001,199,8999225782179,5
VO0001,199,8999225783152,6
VO0001,199,8999225783718,9
VO0001,199,8999225812500,8
VO0001,199,8999225902508,1
VO0001,199,8999225783756,8
VO0001,200,8993379121211,81
VO0001,200,8993379121204,25
VO0001,200,8993379260804,12
VO0001,200,7640129893218,34
VO0001,201,8993005116024,14
VO0001,201,8993005116017,9
VO0001,201,8993005116031,5
VO0001,201,8993005116048,9
VO0001,201,8993005116055,11
VO0001,201,8993005116062,10
VO0001,202,8993560024024,29
VO0001,202,8993560024895,26
VO0001,202,8993560024147,5
VO0001,202,8993560025229,28
VO0001,202,8993560024215,44
VO0001,202,8993560025137,8
VO0001,202,8993560024239,5
VO0001,203,8993560024017,25
VO0001,203,8993560025212,22
VO0001,203,8993560024888,13
VO0001,203,8993560024178,30
VO0001,203,8993560024185,3
VO0001,204,8998866602549,48
VO0001,204,8998866602563,73
VO0001,204,8998866602570,33
VO0001,204,8998866602556,62
VO0001,204,8998866610742,34
VO0001,204,8998866606158,30
VO0001,205,8993560026011,13
VO0001,205,8993560026004,16
VO0001,205,8993560027568,26
VO0001,205,8993560026820,12
VO0001,206,8993560026035,8
VO0001,206,8993560027094,6
VO0001,206,8993560026097,9
VO0001,206,8998866606158,32
VO0001,206,8998866610742,47
VO0001,206,8998866602556,28
VO0001,206,8993560026059,5
VO0001,207,7640129893249,6
VO0001,207,7640129890040,36
VO0001,207,8998183216139,19
VO0001,207,8998183216115,30
VO0001,207,8998183216122,20
VO0001,207,8888103000637,13
VO0001,207,8993496107358,40
VO0001,207,8993005117014,12
VO0001,208,6901404011255,59
VO0001,208,6901404021254,16
VO0001,208,6901404031253,29
VO0001,208,6901404010814,80
VO0001,209,8999999045920,32
VO0001,209,8999999530327,31
VO0001,210,8999999046996,52
VO0001,210,8999999053307,35
VO0001,210,8999999046989,9
VO0001,210,8999999045913,19
VO0001,211,8999999059316,222
VO0001,211,8999999059323,144
VO0001,212,8999999059309,121
VO0001,212,8999999059347,108
VO0001,212,8999999524791,158
VO0001,213,8999999045937,92
VO0001,213,8999999045944,53
VO0001,213,8999999501594,57
VO0001,214,8992929130253,4
VO0001,214,8992929130482,2
VO0001,214,8999999530129,4
VO0001,214,8999999519087,23
VO0001,214,8999999519100,42
VO0001,215,8999999533724,133
VO0001,215,8999999533731,51
VO0001,215,8999999533717,93
VO0001,216,8999999500399,96
VO0001,216,8999999036690,68
VO0001,216,8999999031107,144
VO0001,217,8999999552800,79
VO0001,217,8999999036607,60
VO0001,217,8999999036638,46
VO0001,217,8999999542177,128
VO0001,218,8999999036676,70
VO0001,218,8999999560584,49
VO0001,218,8999999560577,32
VO0001,218,8999999516307,85
VO0001,218,8999999552800,23
VO0001,219,8993379200886,1
VO0001,219,8993379200862,12
VO0001,219,8993379200855,4
VO0001,219,8993379210854,44
VO0001,220,8999999530662,94
VO0001,220,8999999530303,96
VO0001,220,8998866603676,58
VO0001,220,8998866603669,20
VO0001,220,8998866604512,48
VO0001,220,8998866603683,18
VO0001,221,8999777009243,23
VO0001,221,8999777009229,22
VO0001,221,8998866888622,55
VO0001,221,8998866609142,8
VO0001,221,8998866888615,25
VO0001,221,8998866888639,11
VO0001,222,8998866609142,42
VO0001,222,8998866608312,20
VO0001,222,8998866608602,32
VO0001,222,8998866608305,3
VO0001,223,8992803661644,15
VO0001,223,8990090510010,11
VO0001,223,8995151120528,45
VO0001,223,8990090510034,6
VO0001,223,8990090510027,3
VO0001,223,8995151120597,6
VO0001,223,8998183000172,3
VO0001,223,8998183000134,3
VO0001,223,8999999058340,4
VO0001,224,8992946521409,23
VO0001,224,8992946521416,34
VO0001,224,8992946511790,23
VO0001,224,8992946512285,1
VO0001,224,8992946526855,25
VO0001,224,8992946526817,10
VO0001,224,8992946526824,39
VO0001,224,8992946526862,38
VO0001,225,8999999539610,82
VO0001,225,8993379254469,39
VO0001,225,8998103012711,6
VO0001,225,8888103000217,12
VO0001,226,8999999058388,36
VO0001,226,8999999058371,15
VO0001,226,8999999058395,33
VO0001,226,8993038010962,26
VO0001,227,8993038010047,10
VO0001,227,8993038010016,6
VO0001,227,8993038011136,12
VO0001,227,8993038011129,27
VO0001,227,8993038011143,28
VO0001,227,8993038011150,49
VO0001,227,8993038011068,50
VO0001,228,8999999520441,11
VO0001,228,8999999525927,16
VO0001,228,8999999525934,12
VO0001,228,8999999055776,25
VO0001,228,8999999055769,26
VO0001,228,8999999534844,27
VO0001,229,8999999525941,12
VO0001,229,8999999525910,12
VO0001,229,8999999520434,8
VO0001,229,8999999532222,8
VO0001,229,8999999532215,4
VO0001,229,8999999559441,2
VO0001,229,8999999056841,5
VO0001,229,8999999056926,9
VO0001,230,8999999058340,41
VO0001,230,8999999053062,52
VO0001,230,8999999053048,28
VO0001,230,8999999053031,12
VO0001,230,8999999053055,25
VO0001,231,8999999058357,23
VO0001,231,8999999053000,26
VO0001,231,8999999052997,21
VO0001,231,8999999052959,29
VO0001,231,8999999052973,21
VO0001,231,8999999052980,26
VO0001,232,8992304082238,25
VO0001,232,8992727004190,8
VO0001,232,8993005102058,1
VO0001,232,8993005102027,3
VO0001,232,4902430359856,1
VO0001,232,8999777867249,22
VO0001,232,8999777006075,6
VO0001,232,8992821100316,5
VO0001,232,8999809102782,3
VO0001,232,8999999525958,1
VO0001,232,8999999053055,6
VO0001,232,8992821102402,1
VO0001,233,8850007652724,10
VO0001,233,8991111111964,8
VO0001,233,8991111111971,8
VO0001,233,8991111111995,3
VO0001,233,8850007652564,9
VO0001,233,8850007652588,9
VO0001,233,9556006283127,8
VO0001,233,9556006283110,10
VO0001,233,8991111112206,8
VO0001,233,8991111112213,6
VO0001,233,8991111112084,6
VO0001,233,8991111112091,4
VO0001,233,8991111112107,7
VO0001,233,8992304047152,1
VO0001,233,8999999719746,3
VO0001,234,8992304047152,7
VO0001,234,8992727006323,15
VO0001,234,8992727004244,31
VO0001,234,8992727004206,5
VO0001,234,8990090301274,3
VO0001,234,8995151110420,4
VO0001,234,8992821102389,3
VO0001,234,8992821100392,4
VO0001,234,8992821102341,5
VO0001,234,8992946514302,7
VO0001,235,8999999534844,12
VO0001,235,8999999543075,1
VO0001,235,8999999543099,1
VO0001,235,8999999525965,2
VO0001,235,8999999536565,1
VO0001,235,8999999038571,18
VO0001,235,8999999003890,1
VO0001,235,8851932181853,18
VO0001,235,8999999038571,18
VO0001,235,8999999553258,4
VO0001,235,4902430787468,13
VO0001,235,4902430787475,13
VO0001,235,4902430753326,14
VO0001,236,8999999059941,18
VO0001,236,8999999059910,4
VO0001,236,8999999059903,11
VO0001,236,8999999059934,2
VO0001,236,8999999059903,5
VO0001,236,8999999536565,11
VO0001,236,8999999553272,4
VO0001,236,8999999553265,2
VO0001,236,4902430232265,2
VO0001,236,4902430232227,4
VO0001,236,4902430359788,12
VO0001,237,8999999525637,1
VO0001,237,8999999520892,8
VO0001,237,8999999003890,20
VO0001,237,8999999517793,15
VO0001,237,8999999511258,1
VO0001,237,8999999056841,5
VO0001,237,8999999520892,1
VO0001,237,4902430359719,6
VO0001,237,4902430359764,4
VO0001,237,4902430359818,2
VO0001,237,4902430359733,6
VO0001,237,4902430360111,3
VO0001,238,8999999007799,2
VO0001,238,8999999523787,17
VO0001,238,8999999525958,33
VO0001,238,8999999056896,19
VO0001,238,8999999056926,12
VO0001,238,8999999056858,28
VO0001,238,8999999056896,1
VO0001,238,4902430359764,1
VO0001,238,4902430360142,3
VO0001,238,4902430231862,2
VO0001,239,8999999007782,36
VO0001,239,8999999544133,7
VO0001,239,8999999525965,21
VO0001,239,8999999056889,22
VO0001,239,8999999056919,84
VO0001,239,8999999056841,28
VO0001,239,8999999056872,6
VO0001,239,8999999517809,4
VO0001,239,8992304099854,31
VO0001,239,8998824551278,10
VO0001,239,8998824551285,12
VO0001,239,8998824551261,10
VO0001,239,8998824551940,11
VO0001,240,8999999055752,19
VO0001,240,8999999056988,11
VO0001,240,8999999559090,9
VO0001,240,8851932234429,16
VO0001,240,8851932111805,22
VO0001,240,8999999535599,9
VO0001,240,8851932301572,9
VO0001,240,8999999007768,10
VO0001,241,8999999720094,28
VO0001,241,8999999719746,30
VO0001,241,8999777007089,14
VO0001,241,8999777006693,15
VO0001,241,8999777010522,17
VO0001,241,4005900102300,12
VO0001,241,8999777014711,2
VO0001,241,8999225906773,7
VO0001,241,8999777011826,6
VO0001,242,6902395661139,12
VO0001,242,8999999549589,25
VO0001,242,8999999549565,24
VO0001,242,8999999549602,34
VO0001,242,8999999719760,38
VO0001,242,8999225906780,7
VO0001,242,8999225906766,14
VO0001,642,B0100,6