VO0004,300,8997151800035,7
VO0004,300,8997034020055,3
VO0004,300,089686420333,2
VO0004,300,711844115057,8
VO0004,300,8996168442184,3
VO0004,300,8996168442177,2
VO0004,300,8992770096227,2
VO0004,300,8992770096524,4
VO0004,300,711844110113,6
VO0004,300,089686420036,10
VO0004,301,8992736111070,2
VO0004,301,711844120341,3
VO0004,300,8992770094315,7
VO0004,301,8992696521322,1
VO0004,301,089686420210,2
VO0004,301,A80528,5
VO0004,301,8998866608046,7
VO0004,302,8999999516208,2
VO0004,302,8992770033192,4
VO0004,302,8992770033208,4
VO0004,302,8998008151058,4
VO0004,302,8991188943017,2
VO0004,302,8991188943079,8
VO0004,303,8992735210071,4
VO0004,303,8992735210088,8
VO0004,303,8992735210026,4
VO0004,303,8992735210118,2
VO0004,303,8992735210125,5
VO0004,303,8992735210095,3
VO0004,303,8992735210033,1
VO0004,303,8992735210101,4
VO0004,303,649626012044,3
VO0004,303,8992735210057,2
VO0004,303,649626011023,2
VO0004,303,089686440386,2
VO0004,303,089686440133,2
VO0004,303,089686440287,4
VO0004,304,8991045245001,6
VO0004,304,8991045242505,1
VO0004,304,8993141122040,4
VO0004,304,8998008153021,3
VO0004,304,8998008153014,9
VO0004,304,8997216390020,9
VO0004,304,8997212780016,5
VO0004,305,8993004787416,2
VO0004,305,8993004787546,2
VO0004,305,8993500230232,2
VO0004,305,8996196000905,3
VO0004,305,8993027121600,2
VO0004,306,8995154800021,1
VO0004,306,8994093103040,3
VO0004,306,8994093103071,3
VO0004,306,8997020980059,1
VO0004,307,8995077602412,3
VO0004,307,8995077602788,2
VO0004,307,8995077602696,1
VO0004,307,8992775211434,5
VO0004,308,8992726120044,2
VO0004,308,9556437003646,1
VO0004,308,9556437002441,3
VO0004,308,9556437003080,3
VO0004,308,9556437001642,1
VO0004,309,8992775110102,1
VO0004,309,011747233033,2
VO0004,309,8995077600227,3
VO0004,309,8995077600463,5
VO0004,310,8998866202312,1
VO0004,310,8998866202237,2
VO0004,311,089686010947,49
VO0004,311,089686011036,31
VO0004,311,089686910704,30
VO0004,312,089686043495,13
VO0004,313,8998866200929,2
VO0004,313,8998866202619,4
VO0004,313,8998866200318,10
VO0004,314,8998866200561,4
VO0004,314,8997222130207,23
VO0004,315,8991688890682,5
VO0004,315,8991688890699,3
VO0004,315,8991688890699,3
VO0004,315,8991688890101,4
VO0004,315,8991688890484,5
VO0004,315,8993047311111,4
VO0004,316,089686060461,19
VO0004,316,089686060003,19
VO0004,317,089686010718,14
VO0004,317,089686043419,1
VO0004,317,089686059779,1
VO0004,217,089686043204,8
VO0004,217,089686010527,41
VO0004,217,089686910384,25
VO0004,318,089686043617,47
VO0004,318,089686043433,40
VO0004,319,8998866201346,6
VO0004,319,8998866200301,29
VO0004,319,8995899210215,6
VO0004,320,8997222130191,12
VO0004,320,8993118731046,7
VO0004,320,8993118731022,6
VO0004,320,8993118731077,13
VO0004,321,8994291101022,2
VO0004,321,8997004060289,1
VO0004,321,8993093142509,1
VO0004,322,089686060102,9
VO0004,322,089686060744,8
VO0004,322,8998866200837,1
VO0004,322,089686010343,43
VO0004,322,089686010107,27
VO0004,322,089686010046,31
VO0004,323,089686018011,23
VO0004,323,089686048704,25
VO0004,323,089686017748,1
VO0004,324,8992718853752,1
VO0004,324,8992718853158,8
VO0004,325,8888900515013,1
VO0004,325,8888900620113,2
VO0004,325,8992804900797,2
VO0004,326,8888900502020,1
VO0004,326,8888900502075,2
VO0004,326,8888900400111,4
VO0004,326,8888900415030,2
VO0004,327,8995077601255,3
VO0004,327,8995077601231,7
VO0004,327,8996196002954,8
VO0004,328,089686611540,1
VO0004,328,089686611649,5
VO0004,328,089686600308,3
VO0004,329,089686611618,8
VO0004,329,089686611519,8
VO0004,329,089686611854,1
VO0004,329,089686600049,8
VO0004,330,8993004787485,5
VO0004,330,8991002501843,3
VO0004,330,8991002501850,2
VO0004,330,8995077600814,4
VO0004,331,8886001038011,7
VO0004,331,8992957220025,4
VO0004,331,8992957352047,1
VO0004,331,8992957354119,2
VO0004,332,8996001355756,5
VO0004,332,8991001242273,3
VO0004,332,8991001242570,8
VO0004,332,8991001242983,14
VO0004,332,8991001242013,17
VO0004,332,8991001243034,20
VO0004,333,8998866202053,3
VO0004,333,8993027111601,5
VO0004,334,089686600100,5
VO0004,334,089686596441,3
VO0004,334,653314504513,3
VO0004,334,053314502234,4
VO0004,335,8997014021867,3
VO0004,335,8857107231927,3
VO0004,335,8857107231057,1
VO0004,335,8997212800233,4
VO0004,335,8994075250311,2
VO0004,335,8993004785160,5
VO0004,336,8995077602405,4
VO0004,336,8995077602498,2
VO0004,336,8995077600807,2
VO0004,336,8995077601514,3
VO0004,336,8995077603433,4
VO0004,337,8888166842823,1
VO0004,337,8996196303907,4
VO0004,337,8991001780232,2
VO0004,337,8991001780140,5
VO0004,338,8996001370063,1
VO0004,338,8992716109172,13
VO0004,338,8992802063173,2
VO0004,338,8994755020357,18
VO0004,339,8993027121600,2
VO0004,339,8999178840339,4
VO0004,339,8999178650235,1
VO0004,339,8994075560106,1
VO0004,340,089686598186,5
VO0004,340,089686598353,4
VO0004,340,8999178752328,2
VO0004,340,8999178770124,3
VO0004,341,8993004788147,4
VO0004,341,8996196000257,2
VO0004,341,8995077605154,7
VO0004,341,8996196000455,8
VO0004,341,089686598421,9
VO0004,342,8999918182989,5
VO0004,342,8999918182989,-2
VO0004,342,8999918181289,3
VO0004,342,8995077600166,3
VO0004,342,8995077602696,4
VO0004,342,8995077600234,4
VO0004,342,8995077602221,4
VO0004,342,8995077601323,3
VO0004,343,8888166995215,5
VO0004,343,8888166994430,3
VO0004,343,089686604450,6
VO0004,343,8992775311325,3
VO0004,344,8886015409289,18
VO0004,344,8994755020371,13
VO0004,344,8994075240657,5
VO0004,344,8992775311608,10
VO0004,17,8993007000680,2
VO0004,17,8993351127309,2
VO0004,18,8998009011702,3
VO0004,18,8998009010248,4
VO0004,18,8993007005708,6
VO0004,18,8998009010231,16
VO0004,18,8991002121089,12
VO0004,18,8991002121010,12
VO0004,18,8991002121065,7
VO0004,19,8998009010569,14
VO0004,19,8998009010576,18
VO0004,19,8993007000109,5
VO0004,19,8993007000024,4
VO0004,19,8992696523067,3
VO0004,19,8993351124216,1
VO0004,20,8992696422735,15
VO0004,20,8992775717011,5
VO0004,20,8998009010910,2
VO0004,20,8998009010927,5
VO0004,20,8993007000253,3
VO0004,20,9415007014423,2
VO0004,20,9415007034414,6
VO0004,20,9415007014447,5
VO0004,21,8992702005945,1
VO0004,21,8992702006003,3
VO0004,21,8991102714495,2
VO0004,21,9556001051509,14
VO0004,21,9556001174659,1
VO0004,22,8853333004953,5
VO0004,22,711844160019,1
VO0004,22,711844160033,6
VO0004,22,8993200666218,1
VO0004,22,8991002125018,1
VO0004,22,8994171102101,1
VO0004,23,711844162426,3
VO0004,23,8992388133345,1
VO0004,23,8996006853127,1
VO0004,24,8992775709085,3
VO0004,24,8992775709146,7
VO0004,24,8999988888972,10
VO0004,24,8999988888989,9
VO0004,24,8995227500261,1
VO0004,24,8999988778983,8
VO0004,25,8993351128306,2
VO0004,25,8998009010613,7
VO0004,26,8997035601222,3
VO0004,26,8999908034205,2
VO0004,26,8851123212038,7
VO0004,26,8886057883665,2
VO0004,26,8991102900607,3
VO0004,27,8997035601017,7
VO0004,28,8997035563414,2
VO0004,28,8998866610377,4
VO0004,28,8997009781493,3
VO0004,29,8997212800035,3
VO0004,29,8992772485036,2
VO0004,29,8992772485012,2
VO0004,29,8992772485029,1
VO0004,29,8992772585026,4
VO0004,30,8995227500292,1
VO0004,30,8995227501039,4
VO0004,30,8995227500230,4
VO0004,30,8999988888859,4
VO0004,30,8992772125024,1
VO0004,31,8997218380142,1
VO0004,31,8992726892514,1
VO0004,31,089686821086,1
VO0004,31,8992761122430,2
VO0004,31,8992761122348,5
VO0004,31,8992761122324,3
VO0004,31,899276112233,1
VO0004,31,89927611223,-1
VO0004,31,8992761122331,4
VO0004,32,8997035600324,5
VO0004,32,8992752112211,4
VO0004,32,8992752112013,7
VO0004,32,8992752112310,5
VO0004,32,8992761122485,4
VO0004,32,8992775712603,4
VO0004,33,749921001023,3
VO0004,33,8850124006677,3
VO0004,33,749921020413,1
VO0004,33,811108858512,2
VO0004,34,8991002103344,3
VO0004,34,8994171101784,4
VO0004,35,A1502,1
VO0004,35,8991002109001,3
VO0004,35,8991002114012,1
VO0004,36,8998666001306,1
VO0004,36,8998866200707,1
VO0004,36,8998866803168,3
VO0004,36,8991002101630,1
VO0004,36,8991002113299,2
VO0004,36,8991002113688,2
VO0004,36,8850124006653,6
VO0004,36,8992696403413,4
VO0004,37,8991002103788,6
VO0004,37,8991002103924,3
VO0004,37,8991002103429,3
VO0004,37,8991002103320,2
VO0004,37,8996001431030,3
VO0004,37,8998666001924,6
VO0004,37,8991002101746,2
VO0004,38,8991668116146,1
VO0004,38,8992904170038,3
VO0004,38,8992696419162,2
VO0004,39,8998888110213,1
VO0004,39,8998888110619,3
VO0004,39,8998888110817,4
VO0004,39,8998888112415,3
VO0004,39,711844154568,1
VO0004,39,711844150003,3
VO0004,39,8995125900019,6
VO0004,40,8990588685855,6
VO0004,40,8999999538118,2
VO0004,40,8993058104917,4
VO0004,40,8992772123068,2
VO0004,40,8998866200172,4
VO0004,40,8997035120020,2
VO0004,41,749921001146,1
VO0004,41,749921001047,9
VO0004,41,749921001122,2
VO0004,41,8999999195649,10
VO0004,41,8999999195656,4
VO0004,42,8886007811410,1
VO0004,42,8994286130570,11
VO0004,42,8886007811076,1
VO0004,42,8886007821242,4
VO0004,42,8994286160003,3
VO0004,43,8992936661269,7
VO0004,43,8886007811489,19
VO0004,43,8994286110343,3
VO0004,43,8997005130288,2
VO0004,43,8994286110015,6
VO0004,43,8992936218012,9
VO0004,43,8992936120902,7
VO0004,43,8886007821044,12
VO0004,43,8994286149107,4
VO0004,43,8886007821044,1
VO0004,44,8998667000162,3
VO0004,44,8998667000155,1
VO0004,44,8998667300583,4
VO0004,44,8993014730129,3
VO0004,45,8998866200219,1
VO0004,45,8996001440049,3
VO0004,45,8996001440087,3
VO0004,45,8996001440520,3
VO0004,45,8992696405417,4
VO0004,45,8992696520103,1
VO0004,45,8992696521797,1
VO0004,45,8992696409057,1
VO0004,46,4800361291446,2
VO0004,46,8998866200097,5
VO0004,46,749921006103,2
VO0004,47,7622210288189,3
VO0004,47,8851019510132,6
VO0004,47,8851019210292,9
VO0004,47,8851019210124,8
VO0004,48,8993500212047,4
VO0004,48,8993500212030,4
VO0004,48,8992696521582,1
VO0004,48,8995077605628,1
VO0004,48,8992696420458,5
VO0004,49,8992696430860,3
VO0004,49,8992696429291,4
VO0004,49,8992696521605,6
VO0004,49,8992696428287,4
VO0004,49,8992696428300,6
VO0004,50,8993365150010,2
VO0004,50,8992918265027,2
VO0004,50,8993014732321,6
VO0004,50,8993014730853,1
VO0004,50,8993365140363,7
VO0004,50,8993365140356,6
VO0004,50,8993014731348,4
VO0004,50,8993014730181,6
VO0004,50,8993014732345,5
VO0004,51,8992726938366,2
VO0004,51,8992726938663,2
VO0004,51,8992726938861,6
VO0004,51,8992726964808,4
VO0004,52,8991102993333,2
VO0004,52,8992696424647,1
VO0004,52,8993175538572,2
VO0004,52,8993175538596,2
VO0004,53,8999918585186,4
VO0004,53,8992775305102,1
VO0004,53,8992775001783,4
VO0004,53,8992775315095,5
VO0004,54,8888166336568,3
VO0004,54,8888166606227,2
VO0004,54,8888166338555,1
VO0004,54,8888166337183,3
VO0004,55,8994755030479,11
VO0004,55,8886015201111,4
VO0004,55,8886015203115,2
VO0004,55,8992716108878,1
VO0004,56,8992760221028,9
VO0004,56,7622210708434,5
VO0004,56,4893049130007,4
VO0004,56,8992760121090,5
VO0004,56,8992760223015,6
VO0004,56,4893049130007,3
VO0004,56,4893049120008,8
VO0004,56,8993039242614,3
VO0004,57,8991102302708,7
VO0004,57,8991102302609,3
VO0004,57,8993175537285,2
VO0004,57,8992716108816,4
VO0004,58,8936036021783,1
VO0004,58,8888166336513,1
VO0004,58,8888166330306,1
VO0004,59,8993039242560,1
VO0004,59,8993039242577,2
VO0004,59,7622201402709,1
VO0004,59,7622201402686,2
VO0004,60,8992775305164,2
VO0004,60,8992775315057,3
VO0004,60,8991102993333,2
VO0004,60,8995077605659,1
VO0004,61,8888166993167,2
VO0004,61,8888166991125,4
VO0004,62,8992952952242,1
VO0004,62,8992952952228,2
VO0004,62,733894134109,4
VO0004,62,8991001301024,1
VO0004,2,8991001301048,3
VO0004,62,8991001302274,1
VO0004,62,8992957214314,3
VO0004,63,8996001304044,2
VO0004,63,8996001304426,5
VO0004,63,8996001302248,2
VO0004,63,8888166605329,3
VO0004,63,8888166991170,4
VO0004,63,8886001012233,3
VO0004,63,8993039111255,4
VO0004,63,8992716109554,7
VO0004,63,8992716108878,3
VO0004,63,8888166989474,3
VO0004,63,8888166993433,2
VO0004,64,8886015427139,7
VO0004,64,8995077603808,2
VO0004,64,8991102300421,1
VO0004,64,8999918443509,4
VO0004,65,8992933215113,3
VO0004,65,8992933618112,6
VO0004,65,8992933619119,9
VO0004,65,8992933213119,13
VO0004,65,8992933211115,10
VO0004,65,8992933216110,12
VO0004,65,8992933218114,8
VO0004,65,8992933324112,4
VO0004,65,8992705032023,9
VO0004,65,8992705042022,23
VO0004,66,8992753102303,4
VO0004,66,8993007001694,1
VO0004,66,8993007001700,2
VO0004,66,8992753005994,4
VO0004,66,8992753721603,2
VO0004,66,8992705022024,3
VO0004,66,8992705022109,10
VO0004,66,8992705032023,6
VO0004,66,8992705012063,2
VO0004,67,8992753100101,4
VO0004,67,8992753102204,4
VO0004,67,8992753101207,4
VO0004,67,8992696426528,7
VO0004,67,8992696426481,3
VO0004,67,8992702000063,10
VO0004,68,8998009070044,2
VO0004,68,8997014450421,2
VO0004,68,7622300065201,4
VO0004,68,7622210557858,1
VO0004,68,8998009070037,1
VO0004,68,8997014450155,1
VO0004,69,8997214270072,2
VO0004,69,8997214270041,2
VO0004,70,8719200171466,5
VO0004,70,8719200170995,3
VO0004,70,8992628510158,9
VO0004,70,8992628650151,7
VO0004,71,8998888461186,3
VO0004,71,9556174802229,7
VO0004,71,9556174802236,2
VO0004,71,8993496001076,12
VO0004,71,8992826112093,24
VO0004,282,8992987003056,1
VO0004,282,8992987003032,3
VO0004,282,8992804901213,4
VO0004,282,8992804900810,2
VO0004,282,8992804901190,4
VO0004,282,8992804900254,3
VO0004,285,8992804113401,6
VO0004,286,8993523101021,6
VO0004,286,8993523101786,5
VO0004,286,8993523101786,5
VO0004,286,8993523101212,5
VO0004,286,8993523101304,3
VO0004,286,8992820115519,4
VO0004,286,8993523102165,15
VO0004,286,8998006011637,4
VO0004,287,8993523101229,4
VO0004,287,8993523101175,4
VO0004,287,8993523101205,3
VO0004,287,8993523101816,9
VO0004,287,8888327121071,5
VO0004,288,8992770061041,3
VO0004,288,8992736225401,3
VO0004,288,8992736290409,3
VO0004,288,089686385816,3
VO0004,288,8992696522701,5
VO0004,289,8992770154033,5
VO0004,289,8992770154026,5
VO0004,289,8992770084026,3
VO0004,289,8992770054012,6
VO0004,289,8992770054036,2
VO0004,289,8992770054067,7
VO0004,290,089686386110,3
VO0004,290,089686386165,7
VO0004,290,089686386417,5
VO0004,290,089686386318,2
VO0004,290,089686386462,3
VO0004,290,089686386066,10
VO0004,290,089686386011,8
VO0004,290,189686386131,5
VO0004,291,8992736925165,3
VO0004,291,8992736925134,6
VO0004,291,8992736025162,5
VO0004,291,8992736990163,6
VO0004,292,711844140127,3
VO0004,292,711844140028,2
VO0004,292,8992770096234,2
VO0004,292,8992736139111,1
VO0004,292,8992736113418,8
VO0004,292,089686400762,4
VO0004,292,089686401066,2
VO0004,292,089686400861,4
VO0004,293,089686401011,3
VO0004,293,089686400816,5
VO0004,293,089686400427,7
VO0004,293,089686401721,3
VO0004,293,8998888710161,4
VO0004,293,8998888710567,5
VO0004,293,8992736116105,10
VO0004,294,089686385564,12
VO0004,294,089686385519,11
VO0004,294,089686385618,7
VO0004,294,8992804151212,6
VO0004,294,8992804151205,5
VO0004,294,089686400397,7
VO0004,294,089686401776,8
VO0004,295,8992717781025,36
VO0004,295,8991188943536,17
VO0004,295,8999999516215,6
VO0004,295,8999999516208,3
VO0004,295,8999999192150,2
VO0004,295,8999999192198,2
VO0004,296,A735275,5
VO0004,296,A735269,1
VO0004,296,A735276,1
VO0004,296,A123,8
VO0004,296,A735268,2
VO0004,296,8997011930636,4
VO0004,296,4923125560487,2
VO0004,296,8992736233482,4
VO0004,296,8992736225463,5
VO0004,296,8992736624310,5
VO0004,296,8992736424293,4
VO0004,297,8995102703442,4
VO0004,297,749921020598,3
VO0004,297,711844120402,2
VO0004,297,8999999559489,3
VO0004,297,8999999559472,3
VO0004,298,8995102702643,5
VO0004,298,8992736010168,6
VO0004,298,8995102702612,6
VO0004,298,8995102702629,3
VO0004,298,8995899110119,3
VO0004,299,089686401769,4
VO0004,299,089686400359,3
VO0004,299,089686420029,6
VO0004,299,711844110717,2
VO0004,299,711844110083,7
VO0004,299,A80527,5
VO0004,299,8998866202268,6
VO0004,263,7118441101378,5
VO0004,263,8999999100506,1
VO0004,263,089686420210,1
VO0004,263,089686420678,1
VO0004,263,8998866608084,4
VO0004,264,8999999533496,2
VO0004,264,8994907000466,2
VO0004,264,8998888712295,7
VO0004,264,A69145,3
VO0004,264,A69148,8
VO0004,264,A69147,3
VO0004,264,A69299,7
VO0004,265,8995899250327,8
VO0004,265,8995899250341,6
VO0004,265,8995899250143,2
VO0004,265,8995899250211,4
VO0004,265,8995899250235,11
VO0004,267,8991003679398,3
VO0004,267,8998866608060,7
VO0004,267,8998866609647,4
VO0004,266,8999999530983,2
VO0004,267,8998866608824,4
VO0004,267,A65513,4
VO0004,267,711844110021,3
VO0004,267,8997151800028,6
VO0004,267,711844140417,6
VO0004,267,A17483,1
VO0004,196,8992222050135,2
VO0004,196,8992222050180,1
VO0004,196,8992222050227,1
VO0004,196,8992222050210,2
VO0004,196,8992222051767,1
VO0004,196,8992222050142,1
VO0004,196,8992222050203,2
VO0004,196,8999999530495,2
VO0004,196,8992222054980,2
VO0004,196,8999999530488,2
VO0004,196,8992222051613,3
VO0004,196,8992222051606,2
VO0004,196,8992222051613,3
VO0004,196,8993082275515,4
VO0004,196,8993082275508,1
VO0004,202,8991111153049,1
VO0004,202,8992725910332,2
VO0004,202,8992725910455,1
VO0004,202,8991111153148,4
VO0004,202,8991111153094,2
VO0004,202,8991111153063,9
VO0004,202,8992725910417,2
VO0004,202,8991111152073,1
VO0004,197,8999999049423,4
VO0004,197,8999999049669,1
VO0004,197,8999999049669,2
VO0004,197,8999999536664,1
VO0004,197,8999999049409,3
VO0004,197,8999999047092,8
VO0004,197,8999999049416,3
VO0004,197,8999999049430,2
VO0004,197,8999999049393,3
VO0004,197,8999999503925,3
VO0004,197,8999999049461,1
VO0004,197,8999999520175,1
VO0004,197,8999777004613,2
VO0004,197,8999777007270,4
VO0004,197,8999777004583,4
VO0004,198,8993417145131,6
VO0004,198,8993417142123,6
VO0004,198,8992222040044,7
VO0004,198,8993417142277,2
VO0004,198,8993417145254,2
VO0004,198,8992222050371,3
VO0004,198,8997017640539,6
VO0004,198,8997017640522,1
VO0004,198,8992832603288,4
VO0004,198,8997017640645,1
VO0004,199,8992304096778,8
VO0004,199,8999999527372,5
VO0004,199,4800888157959,2
VO0004,199,8999999034689,4
VO0004,199,8999999034726,4
VO0004,199,8999999527365,3
VO0004,199,8999999034696,4
VO0004,199,8992222051392,1
VO0004,199,8992222051415,4
VO0004,199,8997017640652,1
VO0004,199,8997017640638,4
VO0004,199,8997017640645,1
VO0004,199,8997017640614,1
VO0004,199,8997017640621,4
VO0004,199,8997008671177,2
VO0004,200,8999999034023,4
VO0004,200,8999999527877,2
VO0004,200,8999999527860,3
VO0004,200,8999999527884,3
VO0004,200,4800888157966,3
VO0004,200,8999999034030,7
VO0004,200,8992304096723,3
VO0004,200,8992727003537,3
VO0004,200,8992727006330,1
VO0004,200,8999999034733,1
VO0004,200,8999999041656,5
VO0004,201,9300830006472,1
VO0004,201,9300830022557,1
VO0004,201,4800888137319,4
VO0004,201,9300830007813,2
VO0004,201,9300830019380,5
VO0004,201,8999999529703,4
VO0004,201,4902430507066,1
VO0004,201,4902430506960,6
VO0004,201,8999999529710,4
VO0004,201,8999999529604,4
VO0004,201,8999999529598,2
VO0004,201,8999999529604,1
VO0004,205,8994280130255,2
VO0004,205,8994280130644,2
VO0004,205,8994280110257,3
VO0004,205,8993559224251,1
VO0004,205,8993559114026,3
VO0004,205,8994280140643,3
VO0004,205,8994280110233,1
VO0004,205,8994280140230,1
VO0004,205,8994280110233,1
VO0004,203,8999999519735,1
VO0004,203,8998866103961,1
VO0004,203,3014260279462,1
VO0004,203,3014260821883,5
VO0004,203,3014260821852,1
VO0004,203,3014260803926,6
VO0004,203,4902430390170,2
VO0004,204,8999999031930,1
VO0004,204,8999999549527,3
VO0004,204,C28775,3
VO0004,204,c81084,1
VO0004,204,C67332,2
VO0004,204,C23003,3
VO0004,204,C2509,3
VO0004,204,C28777,2
VO0004,204,8996668044703,9
VO0004,204,C45727,2
VO0004,204,C31610,2
VO0004,204,C45727,1
VO0004,206,8999999707781,4
VO0004,206,8999999028701,2
VO0004,206,8999999534769,3
VO0004,206,8999999710866,3
VO0004,206,8999999715588,2
VO0004,206,8999999032623,4
VO0004,207,8999999534097,3
VO0004,207,8999999534097,3
VO0004,207,8999999706173,5
VO0004,207,8999999707859,6
VO0004,207,8998866181082,1
VO0004,207,8999999710873,1
VO0004,207,8998866100168,2
VO0004,207,8998866105071,1
VO0004,207,8998866181068,12
VO0004,208,8998866100144,8
VO0004,208,8998866105057,7
VO0004,208,8999999008482,5
VO0004,208,8999999706487,2
VO0004,208,8999999540340,3
VO0004,209,8993082248007,15
VO0004,209,8998866181082,6
VO0004,209,8998866107594,1
VO0004,209,8850006342213,1
VO0004,209,8992695705167,3
VO0004,209,8992695785169,6
VO0004,209,8991991161332,4
VO0004,209,8992980114001,10
VO0004,209,8992980114018,7
VO0004,209,8992980117019,7
VO0004,209,9310042627501,5
VO0004,209,8992695724069,6
VO0004,209,8992695744067,9
VO0004,210,8992805010228,2
VO0004,210,8992805010211,5
VO0004,210,8992805010242,4
VO0004,210,8992980117026,3
VO0004,210,8992805010129,2
VO0004,210,8992805010143,10
VO0004,210,8991991584063,6
VO0004,211,8992980117088,1
VO0004,211,8992980117033,10
VO0004,211,8992980100509,3
VO0004,211,8992980117026,11
VO0004,211,8850006342213,3
VO0004,212,8993082242043,6
VO0004,212,8992980114001,3
VO0004,212,8998866107594,5
VO0004,212,8998866106191,6
VO0004,345,A81066,87
VO0004,345,A85092,12
VO0004,346,A81068,264
VO0004,346,A81065,20
VO0004,1,8999999005610,48
VO0004,1,899999047191,70
VO0004,1,8999999005610,8
VO0004,1,8999999047207,35
VO0004,1,8999999547295,10
VO0004,1,8851932343831,32
VO0004,1,8999999294038,33
VO0004,1,8999999547448,7
VO0004,1,8999999294021,25
VO0004,1,8999999005689,15
VO0004,1,8999999045555,8
VO0004,1,8999999005689,20
VO0004,1,8999999516802,22
VO0004,1,8999999034610,14
VO0004,1,8999999513757,25
VO0004,1,8999999282202,54
VO0004,1,8999999275440,20
VO0004,1,8999999282196,48
VO0004,1,8999999550745,1
VO0004,1,8690637720888,2
VO0004,2,8998866820462,46
VO0004,2,8998866820363,3
VO0004,2,8998866820103,27
VO0004,2,8998866820318,26
VO0004,2,8998866820479,12
VO0004,2,8998866820479,22
VO0004,2,8998866820455,14
VO0004,2,8998866820325,10
VO0004,2,8998866820035,11
VO0004,2,8998866820097,3
VO0004,2,8998866820400,1
VO0004,2,8998866820370,20
VO0004,2,8998866820387,28
VO0004,2,8998866820271,19
VO0004,2,8998866820004,20
VO0004,2,8998866820301,28
VO0004,2,8998866820011,11
VO0004,3,8994046020011,2
VO0004,3,8994046030072,2
VO0004,3,8994046070047,2
VO0004,3,8994046010029,1
VO0004,3,8994046010067,1
VO0004,3,8994046010012,1
VO0004,3,8994046010036,2
VO0004,4,8994046010012,1
VO0004,4,8994046010036,2
VO0004,5,A81067,528
VO0004,6,A86860,2
VO0004,6,A92214,7
VO0004,6,A93509,1
VO0004,6,A735664,3
VO0004,6,A94731,6
VO0004,6,A94938,3
VO0004,6,A21390,6
VO0004,6,A68392,1
VO0004,6,A737038,1
VO0004,6,A1586,1
VO0004,6,A45031,7
VO0004,6,A81911,3
VO0004,6,A79724,5
VO0004,6,A78773,6
VO0004,6,A732356,5
VO0004,6,A732355,20
VO0004,6,A734350,15
VO0004,6,A96125,1
VO0004,6,A95227,12
VO0004,6,A52365,3
VO0004,6,A95521,3
VO0004,6,A22821,1
VO0004,6,A84398,1
VO0004,6,A735363,2
VO0004,6,A89970,2
VO0004,6,A12763,28
VO0004,6,A69176,6
VO0004,6,A89968,4
VO0004,6,8992752112211,5
VO0004,6,89927521123010,4
VO0004,7,8992752112013,4
VO0004,7,8997035563414,4
VO0004,7,8997035563544,3
VO0004,7,8998009010231,2
VO0004,7,8998009010248,2
VO0004,8,8998009010569,3
VO0004,8,8998009010576,5
VO0004,8,8998009011740,3
VO0004,8,8998009011702,3
VO0004,8,8992702005921,4
VO0004,8,8992702005976,3
VO0004,8,8992702005945,3
VO0004,8,8992702006003,1
VO0004,9,8993351124216,3
VO0004,9,8997035601222,6
VO0004,9,8886057883665,1
VO0004,9,9556001051509,2
VO0004,9,8998009050053,4
VO0004,9,8991102714495,1
VO0004,9,8992994110112,3
VO0004,9,8992772485036,1
VO0004,9,8992772485029,1
VO0004,10,8991002121089,6
VO0004,10,8991002121065,11
VO0004,10,8991002121010,5
VO0004,10,8998009030031,1
VO0004,10,8998009010231,2
VO0004,10,8992696425316,2
VO0004,11,A81068,4
VO0004,11,8997035600324,
VO0004,11,8999510785212,1
VO0004,11,8999988888972,2
VO0004,11,8998009010613,2
VO0004,11,8992761136017,1
VO0004,11,8992761136031,3
VO0004,11,A81067,5
VO0004,11,A85092,5
VO0004,12,8992761136031,4
VO0004,13,8992761111014,3
VO0004,13,8992761111045,3
VO0004,13,8992761151119,2
VO0004,13,8992761151157,2
VO0004,13,8992761151140,3
VO0004,14,8992761002015,4
VO0004,14,8992761002022,13
VO0004,14,8992761002039,5
VO0004,15,8992761122485,3
VO0004,15,8992761166052,6
VO0004,16,8992761122331,1
VO0004,16,8992761122430,6
VO0004,16,8992761122348,3
VO0004,16,8992761122324,6
VO0004,72,8993496106504,2
VO0004,72,8993496104012,2
VO0004,73,8993379500221,12
VO0004,73,8993496106504,10
VO0004,73,8993496107051,12
VO0004,73,8992628034159,8
VO0004,73,8992946121012,12
VO0004,74,8993018519010,8
VO0004,74,8993018519003,6
VO0004,75,8992628020152,5
VO0004,75,8992946121029,6
VO0004,76,8993496001076,6
VO0004,76,8993496001076,10
VO0004,76,8992826111089,4
VO0004,77,8993118936557,2
VO0004,77,8993496110556,3
VO0004,77,8993496110525,2
VO0004,77,8992403199509,2
VO0004,78,770099199922,5
VO0004,79,8992628022156,10
VO0004,79,8997212611068,3
VO0004,79,8992826112093,29
VO0004,79,8993018110118,2
VO0004,79,8993018110101,2
VO0004,79,8992628022149,4
VO0004,80,8993379500238,6
VO0004,80,8993296201119,2
VO0004,81,A71351,21
VO0004,81,A15450,300
VO0004,82,8995228202379,14
VO0004,83,8994914000107,1
VO0004,83,8997209480059,2
VO0004,83,A128110,2
VO0004,85,8997019490019,8
VO0004,86,A37149,4
VO0004,86,A6059,1
VO0004,86,8997211230178,1
VO0004,87,8994460000088,3
VO0004,87,8997209390440,3
VO0004,87,8997209390914,2
VO0004,87,8714700524002,5
VO0004,87,8714700527003,3
VO0004,88,A25234,6
VO0004,88,A25231,5
VO0004,88,A25232,6
VO0004,88,A25235,7
VO0004,88,A25233,6
VO0004,88,A90134,10
VO0004,88,A4627,5
VO0004,89,8993093135006,3
VO0004,89,8993093115008,1
VO0004,89,8993296101112,12
VO0004,90,8992779248603,1
VO0004,90,8992779024207,2
VO0004,90,8992779052200,6
VO0004,91,8999999406912,3
VO0004,91,8999999406943,3
VO0004,91,8999999057022,3
VO0004,91,8999999057015,6
VO0004,91,8999999534837,3
VO0004,93,8998866605113,4
VO0004,93,8998866605120,9
VO0004,93,8998866605106,4
VO0004,93,8998866605151,2
VO0004,93,8998866605137,3
VO0004,93,8998866605144,4
VO0004,94,8993560033026,6
VO0004,94,8993560033033,4
VO0004,94,8992747180102,1
VO0004,94,8992747180126,3
VO0004,95,8886030323805,2
VO0004,95,8886030322808,2
VO0004,95,8998866603553,1
VO0004,95,8998866693578,2
VO0004,95,8998866692601,2
VO0004,96,8992857020121,1
VO0004,96,8992772106016,3
VO0004,96,8998899995120,2
VO0004,96,8998899994543,2
VO0004,96,8998899001128,4
VO0004,96,8998899400334,2
VO0004,96,8998899001166,2
VO0004,97,8998899001340,1
VO0004,97,8998899940229,1
VO0004,97,8998899995526,4
VO0004,97,8998899994802,2
VO0004,97,8998899940397,3
VO0004,97,8998899001975,1
VO0004,97,8992745120520,2
VO0004,97,8992745999997,1
VO0004,97,8992745120650,2
VO0004,97,8992745140573,3
VO0004,97,8992745120636,6
VO0004,97,8992745999980,2
VO0004,98,8992745730309,6
VO0004,98,8992772096010,1
VO0004,98,8992857130172,3
VO0004,98,8992857130165,3
VO0004,98,8998899995113,2
VO0004,98,8998899400341,
VO0004,98,8998899400341,2
VO0004,98,8998899400358,2
VO0004,98,8992857130141,5
VO0004,99,8998899400204,1
VO0004,99,8998899004105,3
VO0004,99,8998899004242,4
VO0004,99,8998899400204,4
VO0004,99,8998899400228,3
VO0004,99,8998899004297,5
VO0004,99,8998899004211,5
VO0004,99,8992772027014,1
VO0004,99,8998899995953,1
VO0004,99,8992772315111,3
VO0004,99,8992772215039,1
VO0004,99,8992772035125,9
VO0004,99,8992772313056,3
VO0004,100,8998899001678,2
VO0004,100,8998899001500,4
VO0004,100,8998899001920,4
VO0004,100,8999999006204,2
VO0004,100,8999999537197,4
VO0004,102,8992745326120,4
VO0004,102,6903244323208,2
VO0004,102,6903244612104,1
VO0004,103,8992745320074,6
VO0004,103,8992745320135,2
VO0004,103,8992745325963,4
VO0004,102,8992745325949,1
VO0004,102,8992745320685,8
VO0004,103,8886012826232,3
VO0004,104,8992745380825,3
VO0004,104,8992745326281,1
VO0004,104,8992779156908,2
VO0004,104,8992745940166,3
VO0004,104,8992745940159,2
VO0004,104,8886012826119,1
VO0004,104,8992745380825,2
VO0004,104,8992745380221,4
VO0004,104,8992745326687,2
VO0004,104,8992745326694,3
VO0004,104,8992745380825,5
VO0004,105,8850175010425,10
VO0004,105,8850175010418,3
VO0004,105,8886020215196,4
VO0004,105,8886020215158,1
VO0004,105,8886020215189,1
VO0004,105,8886020215172,1
VO0004,105,8886020215165,5
VO0004,106,8992745326212,3
VO0004,106,8992745325550,6
VO0004,106,8992745320142,8
VO0004,106,8992745560449,4
VO0004,106,8992745326229,8
VO0004,106,8992745325437,6
VO0004,106,8992745325420,9
VO0004,107,8992745320289,3
VO0004,107,8992745320326,5
VO0004,107,8992745320302,2
VO0004,107,8992745320173,3
VO0004,107,8992745320241,1
VO0004,107,8998990223016,1
VO0004,108,8992748195204,2
VO0004,108,8991899203219,3
VO0004,108,8886020223252,1
VO0004,108,8886020209300,3
VO0004,108,8886020033547,3
VO0004,108,8992779275203,2
VO0004,109,8998990212171,2
VO0004,109,8998990212188,1
VO0004,109,8993189272554,2
VO0004,110,8993189700545,7
VO0004,110,8993189700187,4
VO0004,110,8993189270741,3
VO0004,111,8993189270284,4
VO0004,111,8993189270291,3
VO0004,111,8993189270338,1
VO0004,111,6908594424087,4
VO0004,111,8851818537309,3
VO0004,112,8998866602273,3
VO0004,112,8998866500135,3
VO0004,112,8998866602297,4
VO0004,112,6908594414026,7
VO0004,112,6908594419021,13
VO0004,112,8992727006217,2
VO0004,13,8992779013300,1
VO0004,113,8992779013904,1
VO0004,113,8992746700844,1
VO0004,113,8992779269103,4
VO0004,113,8992779270901,2
VO0004,113,8992779274305,2
VO0004,114,8998899995564,6
VO0004,114,8998899995724,2
VO0004,114,8998899940519,1
VO0004,114,8998899940557,2
VO0004,114,4968306479653,4
VO0004,114,8998899940472,2
VO0004,114,4968306479660,2
VO0004,114,4968306479608,4
VO0004,114,4968306479530,6
VO0004,114,4968306479592,1
VO0004,114,4968306479585,9
VO0004,115,8992727001731,4
VO0004,115,8992727002998,3
VO0004,115,8992727000062,3
VO0004,115,8992727002714,2
VO0004,115,8851818936812,2
VO0004,116,8888336027654,6
VO0004,116,8888336026442,2
VO0004,116,8992727004534,7
VO0004,116,8992727004084,4
VO0004,116,8992959117583,5
VO0004,116,8992959117569,4
VO0004,117,8992727007412,2
VO0004,117,8992727000376,8
VO0004,117,8992727001076,4
VO0004,117,4800060331009,1
VO0004,117,8998990212423,5
VO0004,117,8998990212430,6
VO0004,117,8998990212232,7
VO0004,117,8998990212126,5
VO0004,118,8998990212300,9
VO0004,118,8998990212294,9
VO0004,118,8998990212416,9
VO0004,118,8998990212218,2
VO0004,118,8998990212225,7
VO0004,118,8998990212249,6
VO0004,118,8992959304259,5
VO0004,11,8992812805114,3
VO0004,119,8888336026282,3
VO0004,119,8888336019710,4
VO0004,120,8997012690911,2
VO0004,120,8997012690904,5
VO0004,121,8993189271762,3
VO0004,121,8993189270826,2
VO0004,121,8992959953099,1
VO0004,122,8993189271007,3
VO0004,122,8992959953129,5
VO0004,123,8992959953150,4
VO0004,124,8992959953174,3
VO0004,125,8998866609067,1
VO0004,125,8998866609074,3
VO0004,125,8993425260062,2
VO0004,125,8993417229619,5
VO0004,125,8993417229213,4
VO0004,125,8993417229817,2
VO0004,125,8888103006844,3
VO0004,125,8993053641042,7
VO0004,126,8998103100685,2
VO0004,126,8888103006868,4
VO0004,126,8993560027537,2
VO0004,126,8888103006820,4
VO0004,126,8997023900023,3
VO0004,126,8888103006882,1
VO0004,126,8992750540931,4
VO0004,126,8992745540878,4
VO0004,126,8997023900047,2
VO0004,126,8993053641011,5
VO0004,126,8993425260123,2
VO0004,127,8992694242533,3
VO0004,127,8992694242502,6
VO0004,127,8992694247163,8
VO0004,127,8888103200617,8
VO0004,127,8998103002002,6
VO0004,127,4801010560500,7
VO0004,127,4801010561309,7
VO0004,127,4801010562108,8
VO0004,128,4902430928779,8
VO0004,128,8998866613552,2
VO0004,128,8998103011585,4
VO0004,128,8998103011608,4
VO0004,129,8992727005371,2
VO0004,130,8992750540405,2
VO0004,130,8992750540405,2
VO0004,130,8992750540412,4
VO0004,131,88820309,4
VO0004,131,8998103000589,3
VO0004,131,8998103101101,5
VO0004,131,8998103101118,7
VO0004,131,8993005202031,3
VO0004,131,8993005124029,4
VO0004,131,8993005202024,1
VO0004,131,8993005202062,1
VO0004,131,8993005124012,3
VO0004,132,8991111101583,3
VO0004,132,8991111101736,3
VO0004,132,8991111101613,3
VO0004,132,4801010120223,3
VO0004,132,8991111103006,4
VO0004,132,8991111102719,2
VO0004,132,8888103209108,3
VO0004,132,8888103205018,4
VO0004,132,8998103017181,5
VO0004,132,8998103017174,4
VO0004,132,8888103003119,5
VO0004,132,8998103017167,3
VO0004,132,8991111101316,2
VO0004,133,8998103014333,5
VO0004,133,8998103000947,5
VO0004,133,8998103204420,5
VO0004,133,8998103008158,4
VO0004,133,8998103008127,4
VO0004,133,8998103011851,2
VO0004,133,8992694246166,3
VO0004,133,8999999032128,1
VO0004,133,8992694248047,4
VO0004,133,8993113234061,4
VO0004,133,8993113320627,2
VO0004,133,8998103101217,1
VO0004,133,8998103101217,2
VO0004,134,8993417355226,2
VO0004,134,8998103014340,3
VO0004,134,8998103204451,4
VO0004,134,8998103008134,4
VO0004,134,88820286,6
VO0004,134,8998103004495,8
VO0004,135,8998103000589,2
VO0004,135,8998103011813,1
VO0004,135,88820309,1
VO0004,135,8998866104975,1
VO0004,135,8998103000688,3
VO0004,135,8888103201317,2
VO0004,136,8993005124029,3
VO0004,136,8993005202024,2
VO0004,136,8998103010854,4
VO0004,136,8998103010847,8
VO0004,137,8998103010755,2
VO0004,137,8888103208026,1
VO0004,137,8998103004846,1
VO0004,137,8993176120035,1
VO0004,137,8993176812039,2
VO0004,138,8993176120028,1
VO0004,138,8995201800011,1
VO0004,138,8995201800035,3
VO0004,138,8997021870328,1
VO0004,138,8997021870540,2
VO0004,138,8997021870052,8
VO0004,138,8997021871097,3
VO0004,138,8997021870014,1
VO0004,138,8997021870236,3
VO0004,138,8997021870076,21
VO0004,138,8997021870137,10
VO0004,138,8997021870090,12
VO0004,138,8997021870090,1
VO0004,139,8997021870151,1
VO0004,138,8997021870090,2
VO0004,139,8993176111392,7
VO0004,139,8993176111354,7
VO0004,139,8993176111378,5
VO0004,139,8993176720563,
VO0004,139,8998667400252,6
VO0004,139,8998667400269,7
VO0004,139,8998667400283,3
VO0004,139,8995179101219,8
VO0004,139,8998103101071,5
VO0004,139,8888103003492,4
VO0004,140,8993176111477,3
VO0004,140,8993176111514,6
VO0004,140,8993176720808,3
VO0004,140,8993176720907,2
VO0004,140,8995179100090,2
VO0004,140,8995179100175,9
VO0004,140,8995179100199,3
VO0004,140,8995179101066,1
VO0004,140,007916248854,1
VO0004,40,007916248847,2
VO0004,140,007916248830,3
VO0004,140,007916248823,3
VO0004,141,089686648065,3
VO0004,141,896865351506,5
VO0004,141,089686535259,4
VO0004,141,896865350516,1
VO0004,141,089686546019,4
VO0004,142,089686535440,2
VO0004,142,089686535143,4
VO0004,142,089686535242,4
VO0004,142,089686535044,2
VO0004,142,089686646047,2
VO0004,142,089686646061,3
VO0004,142,8992802315081,1
VO0004,142,8992802315074,1
VO0004,142,8992802315135,2
VO0004,143,8993417265211,2
VO0004,143,8993417263729,1
VO0004,143,8993417263736,4
VO0004,143,8993417263712,3
VO0004,143,8998866803847,4
VO0004,143,8886030229954,2
VO0004,144,8999099922565,3
VO0004,144,8999099922480,4
VO0004,144,8999099922466,2
VO0004,144,8999099922626,2
VO0004,145,8992696428577,3
VO0004,145,8992696405257,1
VO0004,145,8992696405448,1
VO0004,146,8992696521421,2
VO0004,146,8992696520622,1
VO0004,146,8992696405240,1
VO0004,146,8992696405431,1
VO0004,146,8992753881505,1
VO0004,147,8999099920721,1
VO0004,147,8999099920745,2
VO0004,147,9415007027942,2
VO0004,147,9415007013297,
VO0004,148,8992696408746,4
VO0004,148,8992696408722,3
VO0004,149,8886030229930,4
VO0004,149,8886030229947,3
VO0004,149,8886030229961,3
VO0004,149,8886030229916,3
VO0004,150,9415007032601,2
VO0004,150,9415007022633,2
VO0004,150,8992802220019,1
VO0004,150,8992802220026,1
VO0004,150,8992802220033,1
VO0004,151,4970129031512,1
VO0004,151,4007817104118,32
VO0004,151,D50414,8
VO0004,151,D50415,4
VO0004,152,D50419,3
VO0004,151,D69528,3
VO0004,152,4902870762131,17
VO0004,152,D47639,2
VO0004,152,D50399,2
VO0004,152,D22966,2
VO0004,152,D50407,1
VO0004,152,D58076,4
VO0004,152,D47636,17
VO0004,152,D736963,9
VO0004,152,D90468,2
VO0004,152,D3107,3
VO0004,152,D92224,2
VO0004,152,D53362,12
VO0004,152,D54965,5
VO0004,152,D48356,1
VO0004,152,D3235,3
VO0004,152,D48955,6
VO0004,152,D53359,6
VO0004,153,D50405,7
VO0004,153,D54966,2
VO0004,153,D3039,8
VO0004,153,D47628,3
VO0004,153,D47628,3
VO0004,153,D50411,5
VO0004,154,D48354,2
VO0004,154,D44376,6
VO0004,154,D44382,2
VO0004,155,D91717,29
VO0004,155,D69535,5
VO0004,155,8801076150093,3
VO0004,155,D69538,6
VO0004,164,8999908071903,25
VO0004,164,8999908043801,19
VO0004,164,A76634,3
VO0004,164,8993058304515,2
VO0004,164,8998898151404,12
VO0004,164,8992003783665,10
VO0004,163,8992843100608,4
VO0004,13,8994591080010,2
VO0004,163,8994591070011,2
VO0004,163,8994591070066,1
VO0004,163,8993176812312,1
VO0004,162,8886022950958,2
VO0004,162,8886022920258,4
VO0004,162,8886022941512,1
VO0004,162,8999002525012,1
VO0004,162,8999002310564,1
VO0004,162,8999002310564,1
VO0004,162,8888021300116,3
VO0004,162,8992911011256,3
VO0004,162,8992911051238,3
VO0004,162,047400245105,2
VO0004,162,047400247307,2
VO0004,162,8991038776130,1
VO0004,162,8992911050637,11
VO0004,161,8886022950538,1
VO0004,161,8886022950538,5
VO0004,161,8998990206040,3
VO0004,161,7702018017409,1
VO0004,161,7702018880010,1
VO0004,161,8888826016243,2
VO0004,161,4902430733298,1
VO0004,161,4902430792851,1
VO0004,161,8992765101004,10
VO0004,161,4800037120339,1
VO0004,161,8992765301008,1
VO0004,161,8888826019589,3
VO0004,161,B55913,56
VO0004,160,76164217,1
VO0004,160,8999909000544,13
VO0004,160,8997018460150,7
VO0004,160,8991906101316,12
VO0004,160,8991906101019,4
VO0004,160,8991906101026,4
VO0004,160,8999909085114,10
VO0004,160,8999909000650,4
VO0004,160,8999909096004,5
VO0004,160,8999909028234,10
VO0004,160,8999909010567,10
VO0004,160,8999909001909,8
VO0004,160,8999909028999,9
VO0004,165,8993500060020,2
VO0004,165,8994591010031,3
VO0004,165,8994591080010,3
VO0004,165,8998667100312,4
VO0004,165,8885015220061,2
VO0004,166,8998898151404,23
VO0004,166,8992003783665,10
VO0004,166,8999908056405,7
VO0004,166,8993338005033,19
VO0004,166,8997021870762,9
VO0004,166,8992843100301,4
VO0004,166,8998667100046,22
VO0004,166,8999908043801,4
VO0004,166,8999908285003,4
VO0004,166,8992858658200,2
VO0004,166,8993058304416,3
VO0004,166,8992696520813,1
VO0004,166,8990333162044,6
VO0004,166,8990333162051,4
VO0004,167,8998898823905,8
VO0004,167,8998685056301,4
VO0004,167,8998685054307,6
VO0004,167,8998685052303,3
VO0004,167,8997878332291,1
VO0004,167,9556001227539,5
VO0004,167,8994755010303,4
VO0004,167,8994755010310,12
VO0004,167,50819317,4
VO0004,167,50819522,1
VO0004,168,8990800100012,3
VO0004,168,8990800006727,3
VO0004,168,8990800100050,4
VO0004,168,8991001121615,5
VO0004,168,8991001121400,4
VO0004,168,8991001121370,5
VO0004,168,8991001111692,5
VO0004,168,8991001121387,3
VO0004,168,7622210640994,4
VO0004,168,9556182023258,1
VO0004,169,8998685225004,6
VO0004,169,8998685023006,3
VO0004,169,899865024003,6
VO0004,169,8998685012000,3
VO0004,169,8998685013007,5
VO0004,169,9556001222343,3
VO0004,169,50017898,5
VO0004,169,50070657,2
VO0004,169,96183328,3
VO0004,169,726165021048,10
VO0004,169,9555401203686,18
VO0004,170,8993417353154,9
VO0004,170,8992772265287,1
VO0004,170,8992772265164,2
VO0004,170,8999999508609,1
VO0004,170,8993560026059,1
VO0004,170,8992745610861,2
VO0004,170,8993560027568,2
VO0004,171,8999999053291,1
VO0004,171,8888103000637,4
VO0004,171,8993379200886,2
VO0004,171,8993379210854,4
VO0004,171,8993560024185,3
VO0004,171,8993560025137,1
VO0004,171,8993560024147,4
VO0004,172,8993417260230,2
VO0004,172,8993417260223,2
VO0004,172,8992803993264,2
VO0004,172,8992803993240,2
VO0004,172,8993560022006,6
VO0004,172,8993560022020,2
VO0004,172,8993560022051,1
VO0004,173,8992803993257,5
VO0004,173,8992803993240,2
VO0004,173,8993417260735,1
VO0004,174,8999999544409,2
VO0004,174,8999999534356,3
VO0004,174,8992727006880,2
VO0004,174,8992727006910,4
VO0004,175,8999999006006,2
VO0004,175,8999999526870,4
VO0004,175,8999999530419,3
VO0004,175,8999999525675,4
VO0004,175,8998866805421,2
VO0004,176,8998866605816,4
VO0004,176,8998866605809,2
VO0004,176,8998866605816,2
VO0004,176,8998866614658,3
VO0004,176,8992727002462,7
VO0004,176,8999999558062,1
VO0004,176,8992727005272,4
VO0004,177,8999999544416,6
VO0004,177,8999999572921,2
VO0004,177,8998866608589,4
VO0004,178,8999999553128,1
VO0004,178,8992727005487,7
VO0004,178,8992727005289,2
VO0004,179,8998866803694,4
VO0004,179,8998866803694,5
VO0004,179,8998866607315,1
VO0004,179,8998866608558,1
VO0004,180,8999999553111,2
VO0004,180,8998866604932,1
VO0004,180,8998866600439,5
VO0004,180,8998866607346,1
VO0004,181,8998866805438,4
VO0004,181,8999999403188,7
VO0004,181,8999999403119,2
VO0004,181,8999999525828,5
VO0004,181,8999999525828,1
VO0004,181,8998866608909,2
VO0004,181,8998866608893,3
VO0004,182,8999999041748,4
VO0004,182,8999999541941,1
VO0004,182,8998866609333,5
VO0004,182,8999999534356,1
VO0004,182,4902430709934,2
VO0004,183,8992727006286,12
VO0004,183,8998866608985,1
VO0004,183,8998866803649,2
VO0004,183,8999999041748,5
VO0004,184,8998866808859,5
VO0004,184,4902430870986,2
VO0004,184,4902430340762,2
VO0004,184,8999999534530,9
VO0004,185,8999999041731,3
VO0004,185,4902430870986,1
VO0004,185,4902430340762,1
VO0004,185,8999999534530,1
VO0004,186,8999999529284,7
VO0004,186,8999999526856,4
VO0004,186,8999999045630,5
VO0004,186,8999999555122,4
VO0004,186,8999999045623,2
VO0004,186,8999999045647,6
VO0004,186,8999999045616,3
VO0004,186,8999999529284,1
VO0004,186,4902430557139,1
VO0004,187,4902430693455,2
VO0004,187,4902430542753,3
VO0004,187,4902430642057,1
VO0004,187,4902430504454,3
VO0004,188,4902430622080,1
VO0004,188,4902430622066,2
VO0004,188,4902430709934,6
VO0004,188,4902430821995,4
VO0004,189,4902430723626,4
VO0004,189,4902430845199,2
VO0004,189,4902430844765,1
VO0004,189,4902430731515,5
VO0004,190,8992929411000,3
VO0004,190,8998866601542,1
VO0004,190,8998866601559,1
VO0004,190,8993560033347,4
VO0004,190,8993560033279,1
VO0004,191,8992772198028,14
VO0004,191,8992772198011,8
VO0004,191,8992772198042,10
VO0004,191,8992772198035,20
VO0004,191,8992772198059,8
VO0004,192,8992772195089,2
VO0004,192,8992772195058,5
VO0004,192,8992772195027,4
VO0004,192,8999999566760,4
VO0004,192,8992772193085,3
VO0004,192,8992772193078,5
VO0004,192,8992772193054,7
VO0004,192,8992772193047,15
VO0004,192,8992772193061,5
VO0004,193,8998866608862,2
VO0004,193,8998866611114,1
VO0004,193,8999999526269,1
VO0004,193,8998866603393,1
VO0004,193,8998866603416,9
VO0004,193,8993560033293,2
VO0004,194,8998866808262,4
VO0004,194,8998866609333,3
VO0004,194,8999999551223,3
VO0004,194,8999999571535,1
VO0004,194,8999999571580,1
VO0004,195,8998866808361,4
VO0004,195,8998866808415,4
VO0004,195,4902430731874,4
VO0004,242,8992727006323,3
VO0004,242,8999999530006,1
VO0004,242,8999999525934,2
VO0004,242,8999999520441,2
VO0004,242,8999999525927,2
VO0004,242,8991111112091,2
VO0004,242,8991111112206,3
VO0004,243,8999999536060,4
VO0004,243,8999999536053,1
VO0004,243,8999999058340,2
VO0004,243,8999999053062,6
VO0004,243,8851932199179,1
VO0004,243,8851932172264,1
VO0004,243,8999999053062,1
VO0004,243,8999999534844,2
VO0004,243,8999999053055,2
VO0004,243,8999999052997,4
VO0004,243,8999999532222,5
VO0004,243,8999999532215,6
VO0004,243,8992727004206,1
VO0004,244,8992821102624,2
VO0004,244,8992821102396,3
VO0004,244,8992821102341,2
VO0004,244,8999999520441,5
VO0004,244,8999999525927,3
VO0004,244,8999777867249,2
VO0004,244,8992304047152,5
VO0004,244,8992304082221,1
VO0004,244,8991380700029,1
VO0004,244,6902395661139,2
VO0004,244,4005900102300,3
VO0004,244,8990090310016,3
VO0004,245,8999999720094,3
VO0004,245,8999999720094,6
VO0004,245,8999999549565,5
VO0004,245,8999999549589,5
VO0004,245,8851932378925,1
VO0004,245,8999999529321,1
VO0004,245,8999999555481,2
VO0004,245,8850007652724,2
VO0004,245,9556006277775,4
VO0004,245,8991111111995,4
VO0004,245,9556006283110,3
VO0004,245,9556006283127,5
VO0004,245,8999777006693,3
VO0004,246,8992796011105,4
VO0004,246,8992796011402,6
VO0004,246,8992796011204,5
VO0004,246,8992796011136,4
VO0004,246,8992796011310,2
VO0004,246,8999999719760,4
VO0004,246,8999999719753,6
VO0004,246,8992796011303,1
VO0004,247,8000101190114,3
VO0004,247,8000101190138,6
VO0004,247,8000101190138,1
VO0004,247,8000101190145,6
VO0004,247,8991038773351,1
VO0004,247,8991038773573,1
VO0004,248,8851932390392,3
VO0004,248,4901730070010,11
VO0004,248,8850007700050,4
VO0004,248,8995151110116,1
VO0004,248,8993417285615,2
VO0004,248,8992727005937,5
VO0004,248,8999999541125,2
VO0004,248,8999999541101,1
VO0004,248,8851932396530,3
VO0004,248,8999999559663,1
VO0004,248,8993417361012,1
VO0004,248,8851932396547,1
VO0004,248,8851932396523,3
VO0004,255,8999999530006,1
VO0004,255,8999999530051,2
VO0004,255,8999999528867,1
VO0004,255,8998183208141,3
VO0004,255,8998183208110,2
VO0004,254,8999999528881,1
VO0004,254,8999999528911,2
VO0004,254,8999999531423,2
VO0004,254,8999999530433,7
VO0004,254,8999999528805,2
VO0004,254,8999999528904,1
VO0004,254,8999999528898,1
VO0004,254,8992222050333,1
VO0004,254,8999809104083,1
VO0004,254,8999999548537,3
VO0004,254,8999999548520,2
VO0004,253,8999999528829,4
VO0004,253,8999999528812,4
VO0004,253,8999999528942,3
VO0004,253,8999999528836,1
VO0004,253,8999999528966,4
VO0004,253,8999999003043,1
VO0004,253,8999999035532,2
VO0004,253,8999999533373,2
VO0004,253,8998183201401,2
VO0004,252,8999999559571,2
VO0004,252,8999999552558,1
VO0004,252,8999999020293,4
VO0004,252,8999999003098,2
VO0004,252,8999999533397,2
VO0004,252,8999999045579,2
VO0004,252,8999999003074,2
VO0004,252,8999999055769,4
VO0004,251,8999225906766,3
VO0004,251,8999225906773,1
VO0004,251,8992222060042,3
VO0004,251,8998866105484,4
VO0004,251,8992796022132,3
VO0004,251,8992796022101,3
VO0004,251,8992796022125,2
VO0004,251,8998866104371,2
VO0004,251,8998866101516,3
VO0004,251,8998866101509,4
VO0004,250,8999777801304,1
VO0004,250,8995026801026,1
VO0004,250,8999777801335,3
VO0004,250,8999777850616,1
VO0004,250,8999777890551,5
VO0004,250,8999777818586,2
VO0004,250,8992796068017,3
VO0004,250,8999777818623,7
VO0004,250,8999999502973,3
VO0004,250,8999999502942,1
VO0004,250,8999999543099,1
VO0004,250,8999999543075,3
VO0004,250,8999999543082,1
VO0004,249,8999999059941,1
VO0004,249,8999999525965,3
VO0004,249,8999999536565,8
VO0004,249,8999999543099,1
VO0004,249,8999999059934,2
VO0004,249,8999999038571,1
VO0004,249,8999999056926,2
VO0004,249,8999999056896,1
VO0004,249,8999999056858,2
VO0004,249,8999999525958,3
VO0004,249,8992304099854,4
VO0004,256,8992856897373,4
VO0004,256,8992856898127,4
VO0004,256,8992856898110,11
VO0004,256,8992856897366,3
VO0004,256,8992856897540,2
VO0004,256,8992856893696,3
VO0004,256,8992856893672,1
VO0004,256,8992856895409,1
VO0004,256,8992856893702,4
VO0004,256,8992856893177,2
VO0004,256,8992856892514,3
VO0004,256,8992856893689,4
VO0004,256,8992856892538,3
VO0004,257,8992856890824,1
VO0004,257,8992856890848,4
VO0004,257,8992856890831,3
VO0004,257,8992856890855,4
VO0004,257,8992856896604,1
VO0004,257,8992856890817,4
VO0004,257,8992856891630,4
VO0004,257,8992856891609,1
VO0004,257,8992856891623,3
VO0004,257,8992856898165,4
VO0004,257,8992856898172,2
VO0004,258,8997008671153,1
VO0004,258,8997008671092,1
VO0004,258,8997008671078,1
VO0004,258,8997008671085,3
VO0004,258,8997008671177,2
VO0004,258,8997008671375,2
VO0004,258,8992222091534,1
VO0004,258,8992222092913,2
VO0004,258,8992222092937,1
VO0004,259,8993417312267,2
VO0004,259,8993417312229,3
VO0004,259,8993417312250,4
VO0004,259,8993417372216,4
VO0004,259,8993417172236,2
VO0004,259,8993417402210,3
VO0004,259,8993417402227,2
VO0004,259,8995151221102,3
VO0004,259,8995151220877,3
VO0004,259,8995151220884,2
VO0004,259,8995151221010,4
VO0004,259,8995151220822,4
VO0004,260,8992856896574,3
VO0004,260,8992856896567,2
VO0004,260,8992856896550,3
VO0004,260,8999777009281,2
VO0004,260,8999777011383,2
VO0004,260,8992222060080,1
VO0004,260,8999999538583,3
VO0004,260,8999999519872,3
VO0004,260,8999999005580,2
VO0004,260,8999999520175,3
VO0004,260,8999999049461,3
VO0004,260,8999999049478,4
VO0004,260,8999999049485,4
VO0004,260,8999999049454,4
VO0004,262,8998183208127,2
VO0004,262,8992222040105,3
VO0004,262,8993044050327,3
VO0004,262,8993044050198,2
VO0004,262,8998866106481,2
VO0004,262,8998866106467,2
VO0004,262,8998866106474,1
VO0004,237,8999999001155,3
VO0004,237,8999999027247,2
VO0004,237,8999999530280,2
VO0004,237,8999999001162,3
VO0004,237,8992727005470,1
VO0004,237,8992727006507,4
VO0004,237,8992727000567,1
VO0004,237,8998866105668,1
VO0004,237,8998866105675,1
VO0004,237,8999999026400,1
VO0004,238,8992946519390,4
VO0004,238,8992727001328,1
VO0004,238,8992727003872,4
VO0004,238,8992727005005,2
VO0004,238,8992727001656,1
VO0004,238,8992727007016,3
VO0004,238,8992727006972,2
VO0004,238,8992727002561,4
VO0004,238,8992727000383,1
VO0004,238,8999999027254,4
VO0004,238,8999999001230,3
VO0004,239,8999999530228,2
VO0004,239,8999999027278,4
VO0004,239,8999999001094,1
VO0004,239,8999999005443,5
VO0004,239,8999999001117,1
VO0004,239,8999999023997,1
VO0004,239,8999999004224,4
VO0004,239,8999999024482,4
VO0004,240,8999999028466,4
VO0004,240,8999999550646,6
VO0004,240,8999999552350,5
VO0004,240,8999999036843,4
VO0004,240,8999999043674,3
VO0004,240,8999999030926,4
VO0004,240,8999999542214,2
VO0004,240,9555436903858,1
VO0004,241,8998866602983,1
VO0004,241,8999999024475,6
VO0004,241,8993072680152,6
VO0004,241,8993072142049,2
VO0004,213,A81068,21
VO0004,214,A81067,32
VO0004,214,A85092,33
VO0004,215,8991115010027,2
VO0004,215,8992942220009,1
VO0004,215,8990800004563,3
VO0004,215,8992741941341,4
VO0004,215,8991002311114,3
VO0004,215,8991002311015,1
VO0004,216,8997002054730,2
VO0004,216,8997002051494,3
VO0004,216,8995108500038,3
VO0004,216,8995108500052,5
VO0004,216,8992741952262,3
VO0004,216,8990800020013,1
VO0004,218,8998866106443,2
VO0004,218,8998866106436,1
VO0004,218,8998866106412,1
VO0004,218,8999999033149,4
VO0004,218,8999999048310,2
VO0004,218,8999999536213,3
VO0004,218,4902430400619,1
VO0004,218,8999999529598,1
VO0004,218,8999999045524,6
VO0004,218,8999999039172,2
VO0004,218,4902430400909,2
VO0004,218,4902430418300,3
VO0004,218,4902430400602,6
VO0004,218,4902430400602,6
VO0004,218,4902430792196,3
VO0004,218,4902430400879,7
VO0004,219,4902430538602,10
VO0004,219,4902430772648,7
VO0004,219,4902430772020,5
VO0004,219,4902430849050,2
VO0004,219,4902430849203,4
VO0004,220,8999999048181,5
VO0004,220,8999999048501,6
VO0004,220,8999999536244,5
VO0004,220,8999999048303,15
VO0004,220,4902430400886,4
VO0004,220,4902430869249,6
VO0004,220,8999999039110,6
VO0004,220,8999999526603,5
VO0004,220,8999999526610,3
VO0004,220,8999999526627,1
VO0004,220,8999999045517,9
VO0004,221,8992821101252,2
VO0004,221,8992821100729,2
VO0004,221,8992821100736,2
VO0004,221,8999999529550,4
VO0004,221,8999999037147,1
VO0004,221,8999999045500,1
VO0004,221,8999999039103,5
VO0004,221,8999999048174,6
VO0004,221,8999999048488,6
VO0004,221,8999999033125,1
VO0004,221,4902430419017,7
VO0004,221,4902430401173,3
VO0004,221,4902430401142,5
VO0004,221,4902430432245,5
VO0004,221,8993417310249,4
VO0004,222,8999999048440,1
VO0004,222,8999999536237,2
VO0004,222,8851932396714,1
VO0004,222,8999999037154,2
VO0004,222,4902430594882,4
VO0004,222,4902430538558,4
VO0004,222,4902430792325,5
VO0004,222,4902430399425,2
VO0004,222,8851932396714,4
VO0004,222,8851932396721,3
VO0004,222,8851932396721,3
VO0004,222,4902430624541,3
VO0004,222,4902430879071,3
VO0004,222,4902430879095,1
VO0004,223,8992928061442,2
VO0004,223,8992928811283,3
VO0004,223,8992928811252,1
VO0004,223,8992928060179,4
VO0004,223,8992928811252,2
VO0004,223,8992928061008,3
VO0004,223,8992928121405,3
VO0004,223,8991380800439,2
VO0004,223,8993417200021,12
VO0004,223,8993417200038,5
VO0004,223,8994066110228,4
VO0004,229,8993417200069,6
VO0004,229,8993417303029,6
VO0004,229,8993417489945,1
VO0004,229,8993417489938,4
VO0004,229,8993417489921,4
VO0004,229,8995151130121,2
VO0004,229,800142384118,9
VO0004,228,4902430832748,9
VO0004,228,4902430399418,3
VO0004,228,4902430400640,4
VO0004,228,4902430538596,2
VO0004,228,4902430432252,2
VO0004,228,800142384408,3
VO0004,228,800142384392,4
VO0004,228,8997050801560,3
VO0004,228,8993417200427,2
VO0004,228,8993417200410,3
VO0004,228,8993417200489,2
VO0004,228,8993417450440,2
VO0004,228,8993417450433,2
VO0004,227,8993417170256,2
VO0004,227,8993417170263,3
VO0004,227,8993417380211,4
VO0004,227,8993417380228,3
VO0004,227,8993417355219,3
VO0004,227,8993417457463,1
VO0004,227,8993417455414,2
VO0004,227,8993417457432,4
VO0004,228,8993417455452,5
VO0004,228,8993417455445,1
VO0004,226,8999999529734,1
VO0004,226,8999999529949,1
VO0004,226,8999999537142,5
VO0004,226,8999999529628,4
VO0004,226,8999999529567,10
VO0004,26,8999999549169,2
VO0004,226,8999999033132,3
VO0004,226,8999999526344,2
VO0004,226,8999999526511,2
VO0004,225,4902430428422,4
VO0004,225,4902430429375,3
VO0004,225,4902430428415,1
VO0004,225,4902430432269,5
VO0004,225,4902430428316,2
VO0004,225,4902430142083,3
VO0004,225,4902430396028,3
VO0004,225,4902430753364,1
VO0004,225,4902430753340,2
VO0004,225,4902430869102,3
VO0004,225,4902430507066,2
VO0004,225,4902430506960,2
VO0004,225,4902430414296,2
VO0004,225,4902430553629,2
VO0004,224,4902430400992,2
VO0004,224,4902430401005,5
VO0004,224,4902430792202,3
VO0004,224,8999999529635,5
VO0004,224,8999999501471,2
VO0004,224,8999999537159,4
VO0004,224,8999999549176,5
VO0004,230,8998866608312,13
VO0004,230,8998866888615,1
VO0004,230,8992946512285,4
VO0004,230,8992946521416,3
VO0004,230,8992946511790,1
VO0004,230,8993005116055,3
VO0004,230,8993005116031,6
VO0004,231,6901404021254,5
VO0004,231,8888103000118,1
VO0004,231,8888103000217,6
VO0004,231,8999999053307,2
VO0004,231,8999999046989,2
VO0004,231,8999999046996,3
VO0004,231,8999999045944,2
VO0004,231,8999999519100,1
VO0004,231,8999999530327,1
VO0004,231,8992803661644,3
VO0004,232,8999999542177,10
VO0004,232,8999999031107,10
VO0004,232,8999999036690,3
VO0004,232,8999999036607,7
VO0004,232,8999999500399,4
VO0004,232,8999999516307,2
VO0004,232,8999999552800,4
VO0004,232,8999999036638,4
VO0004,232,8999999539610,6
VO0004,233,8993560024895,6
VO0004,233,8993560024024,8
VO0004,233,8993560025229,1
VO0004,233,8993379121204,3
VO0004,233,8993379121211,2
VO0004,233,8993379260026,3
VO0004,233,8999999059323,4
VO0004,233,8999999059309,2
VO0004,233,8999999059316,1
VO0004,233,8999999059347,5
VO0004,233,067238891183,1
VO0004,233,8993379254469,2
VO0004,233,4809013300451,451
VO0004,233,4809014128009,4
VO0004,234,8993379200879,1
VO0004,234,8999999045944,1
VO0004,234,8999999045937,6
VO0004,234,8999999530303,5
VO0004,234,8999999530662,6
VO0004,234,8000700000005,2
VO0004,234,7640129893218,5
VO0004,234,7640129893249,7
VO0004,234,7640129890040,5
VO0004,235,8993417450419,1
VO0004,235,8999225782049,1
VO0004,235,8999225783114,2
VO0004,235,8999225783152,1
VO0004,235,8999225782681,2
VO0004,235,8999225902508,5
VO0004,235,8999999004248,4
VO0004,235,8999225783718,1
VO0004,235,8999225783756,1
VO0004,235,8999225783770,2
VO0004,235,8993417282232,1
VO0004,235,8993417282218,2
VO0004,235,8993417282225,3
VO0004,236,8993417165313,3
VO0004,236,8992856897786,3
VO0004,236,8993417052125,3
VO0004,236,8993113232067,1
VO0004,236,8993237593037,2
VO0004,236,89941225,2
VO0004,236,8993417162213,4
VO0004,236,8993417162237,3
VO0004,236,8993417162145,1
VO0004,236,8993417169113,2
VO0004,236,8993417169212,3
VO0004,236,8993417162220,2
VO0004,236,8993417169229,2
VO0004,236,8993417168215,5
VO0004,236,8993417162114,4
VO0004,268,8993053111149,4
VO0004,268,8993053111408,1
VO0004,268,8992931002050,3
VO0004,268,8993053411027,4
VO0004,269,8992759114348,17
VO0004,269,8993053121391,1
VO0004,269,8993053121179,1
VO0004,269,8993053121360,3
VO0004,269,8992759114348,2
VO0004,271,8993053131239,5
VO0004,271,8993053131130,5
VO0004,271,8993053131093,8
VO0004,271,8993053131017,2
VO0004,271,8992931005099,3
VO0004,272,8993053211368,9
VO0004,272,8992931009547,3
VO0004,272,8992931029521,5
VO0004,273,8992931925038,2
VO0004,273,8993053141191,3
VO0004,273,8993053141689,2
VO0004,273,8992931006232,2
VO0004,274,8992759612530,1
VO0004,275,8992806670056,3
VO0004,275,8859272202498,5
VO0004,275,8886020222057,1
VO0004,276,8886020001256,1
VO0004,276,8886020036029,2
VO0004,276,8886020036012,1
VO0004,276,8886020001133,4
VO0004,276,8886020033387,8
VO0004,276,8886020033639,3
VO0004,276,8886020201243,6
VO0004,277,8886020001096,6
VO0004,277,8886020101338,15
VO0004,278,8886012895283,2
VO0004,278,8998866671736,4
VO0004,278,8998866600101,2
VO0004,278,8998866600095,4
VO0004,279,8998866106207,1
VO0004,279,8998866182171,2
VO0004,279,8998866609548,2
VO0004,279,8998866183185,2
VO0004,279,8998866182188,2
VO0004,279,8999999036355,1
VO0004,280,8999999524807,1
VO0004,280,8999999390198,10
VO0004,281,8998866105149,2
VO0004,281,8998866183215,3
VO0004,281,8999999549510,3
VO0004,281,8999999524722,7
VO0004,282,8998866100700,4
VO0004,282,8998866105156,3
VO0004,283,8998866671699,6
VO0004,283,8998866600460,5
VO0004,283,8998866670692,1
VO0004,283,8998866670777,3
VO0004,283,8998866605793,2
VO0004,283,8998866605786,5
VO0004,284,8998866607872,5
VO0004,284,8998866607889,1
VO0004,284,8998866670722,3
VO0004,284,8998866608275,10
VO0004,284,8998866608268,15
VO0004,284,8999999549480,3
VO0004,156,B0691,40
VO0004,156,B84831,20
VO0004,156,B81246,10
VO0004,156,B0686,20
VO0004,156,B19277,10
VO0004,156,B86041,8
VO0004,156,B28926,30
VO0004,156,B0706,20
VO0004,156,B0699,40
VO0004,156,B0712,10
VO0004,157,8997204780857,2
VO0004,157,8997204780833,2
VO0004,157,8997204780840,1
VO0004,157,8997204780819,1
VO0004,157,8997204780826,1
VO0004,158,8991906101361,4
VO0004,158,8998127912363,8
VO0004,158,8998127921709,10
VO0004,150,8998127912370,10
VO0004,158,8995078803078,6
VO0004,158,8995078800008,6
VO0004,158,89981108,10
VO0004,158,89981115,9
VO0004,158,8991906101071,9
VO0004,158,8991906101057,4
VO0004,158,8999909000377,5
VO0004,158,8999909000483,6
VO0004,159,8998989110167,10
VO0004,159,8998989110129,4
VO0004,159,8998989100120,19
VO0004,159,8998989300230,13
VO0004,159,8998989300155,13
VO0004,159,8998989300087,7
VO0004,159,8998989300391,5
VO0004,159,8998989300179,2
VO0004,159,8998989502122,9
VO0004,159,8998989500128,5
VO0004,159,8991906101125,5